1582992066.479238,0
1582992066.590621,7
1582992066.702798,14
1582992066.813484,19
1582992066.927349,18
1582992067.039739,19
1582992067.150175,19
1582992067.260901,19
1582992067.372468,19
1582992067.486159,16
1582992067.598674,15
1582992067.709731,20
1582992067.820955,18
1582992067.933530,19
1582992068.044173,20
1582992068.154894,18
1582992068.266003,18
1582992068.380936,17
1582992068.492384,13
1582992068.605134,17
1582992068.717206,15
1582992068.829024,10
1582992068.939471,10
1582992069.050081,10
1582992069.161107,10
1582992069.272460,11
1582992069.382999,12
1582992069.494054,12
1582992069.606446,12
1582992069.717643,12
1582992069.829202,12
1582992069.939669,11
1582992070.052093,11
1582992070.164358,12
1582992070.274958,12
1582992070.386348,12
1582992070.502162,13
1582992070.612656,14
1582992070.724270,14
1582992070.836096,19
1582992070.948947,19
1582992071.062933,14
1582992071.174373,13
1582992071.283834,8
1582992071.396531,7
1582992071.507641,6
1582992071.619098,6
1582992071.731342,7
1582992071.843381,8
1582992071.955917,7
1582992072.067042,8
1582992072.178821,7
1582992072.289581,8
1582992072.401950,8
1582992072.512735,9
1582992072.624191,9
1582992072.734378,8
1582992072.846148,8
1582992072.957036,9
1582992073.069395,9
1582992073.180554,9
1582992073.293257,9
1582992073.405810,9
1582992073.517886,10
1582992073.629021,11
1582992073.740951,11
1582992073.851298,11
1582992073.962213,11
1582992074.073234,11
1582992074.185777,11
1582992074.297921,17
1582992074.407990,18
1582992074.518635,13
1582992074.628865,13
1582992074.740267,12
1582992074.851703,12
1582992074.963336,12
1582992075.074876,12
1582992075.186099,12
1582992075.298502,13
1582992075.411795,14
1582992075.523033,16
1582992075.637352,14
1582992075.747050,13
1582992075.858222,12
1582992075.971260,13
1582992076.082055,14
1582992076.193900,15
1582992076.305221,14
1582992076.416117,14
1582992076.528446,14
1582992076.639216,14
1582992076.751716,14
1582992076.864926,14
1582992076.975199,14
1582992077.085675,17
1582992077.198184,15
1582992077.308631,16
1582992077.419016,15
1582992077.528954,15
1582992077.640831,16
1582992077.752884,15
1582992077.864871,18
1582992077.975954,18
1582992078.086866,15
1582992078.198532,15
1582992078.311411,12
1582992078.422176,6
1582992078.532836,7
1582992078.644616,8
1582992078.755485,9
1582992078.866271,9
1582992078.975786,9
1582992079.088189,9
1582992079.202867,9
1582992079.315342,9
1582992079.426007,8
1582992079.538994,9
1582992079.649677,9
1582992079.761726,9
1582992079.872744,9
1582992079.983944,9
1582992080.094390,9
1582992080.205921,11
1582992080.317836,11
1582992080.428488,11
1582992080.541377,11
1582992080.654097,10
1582992080.764012,12
1582992080.875121,10
1582992080.986071,11
1582992081.096804,11
1582992081.208412,11
1582992081.319806,11
1582992081.431794,12
1582992081.542646,13
1582992081.654344,12
1582992081.765347,13
1582992081.876320,13
1582992081.989462,13
1582992082.102073,14
1582992082.211919,13
1582992082.323618,19
1582992082.434697,18
1582992082.545570,13
1582992082.656279,14
1582992082.767187,8
1582992082.877710,6
1582992082.988933,6
1582992083.101837,6
1582992083.212051,7
1582992083.323663,7
1582992083.434989,7
1582992083.547470,7
1582992083.659653,8
1582992083.771664,8
1582992083.882596,8
1582992083.993769,8
1582992084.105403,8
1582992084.219475,8
1582992084.329458,9
1582992084.439253,9
1582992084.549477,9
1582992084.660756,9
1582992084.773076,10
1582992084.882907,10
1582992084.993782,11
1582992085.103886,11
1582992085.215709,11
1582992085.328158,10
1582992085.440254,10
1582992085.549988,11
1582992085.661551,11
1582992085.772830,19
1582992085.884437,17
1582992085.995257,14
1582992086.105874,14
1582992086.216542,12
1582992086.326797,12
1582992086.439573,12
1582992086.553917,12
1582992086.664697,11
1582992086.775864,12
1582992086.887503,14
1582992086.998438,13
1582992087.109308,12
1582992087.219285,13
1582992087.329806,13
1582992087.440430,13
1582992087.552588,14
1582992087.664733,14
1582992087.777305,14
1582992087.887737,14
1582992087.999901,14
1582992088.111193,14
1582992088.223686,14
1582992088.337069,14
1582992088.448902,14
1582992088.560010,16
1582992088.672251,15
1582992088.783557,15
1582992088.894183,15
1582992089.005329,16
1582992089.116539,16
1582992089.227408,20
1582992089.337577,18
1582992089.447761,19
1582992089.558653,16
1582992089.670050,15
1582992089.782724,12
1582992089.893995,7
1582992090.005259,7
1582992090.117312,8
1582992090.228628,10
1582992090.342404,9
1582992090.453530,11
1582992090.567249,10
1582992090.678836,9
1582992090.790160,8
1582992090.900985,9
1582992091.011194,9
1582992091.122966,9
1582992091.233929,9
1582992091.346380,10
1582992091.457902,9
1582992091.568791,10
1582992091.679872,11
1582992091.790644,11
1582992091.903665,11
1582992092.015325,10
1582992092.128336,10
1582992092.238958,11
1582992092.350328,11
1582992092.460187,11
1582992092.572205,11
1582992092.682932,12
1582992092.793651,12
1582992092.907241,12
1582992093.017961,13
1582992093.129440,12
1582992093.242622,13
1582992093.359392,13
1582992093.469170,14
1582992093.579943,14
1582992093.691515,19
1582992093.802796,17
1582992093.915204,13
1582992094.026479,14
1582992094.138195,8
1582992094.251105,6
1582992094.361975,6
1582992094.472958,6
1582992094.586049,7
1582992094.698810,7
1582992094.810995,7
1582992094.922336,7
1582992095.035369,8
1582992095.148144,8
1582992095.260933,8
1582992095.373597,8
1582992095.485620,8
1582992095.599007,8
1582992095.710012,8
1582992095.822046,9
1582992095.932582,9
1582992096.043806,10
1582992096.154546,10
1582992096.265881,10
1582992096.376599,9
1582992096.487281,12
1582992096.597774,11
1582992096.708684,10
1582992096.820187,10
1582992096.931218,11
1582992097.042551,11
1582992097.153884,17
1582992097.265617,20
1582992097.377432,13
1582992097.488372,13
1582992097.598620,12
1582992097.708917,12
1582992097.820319,12
1582992097.931702,12
1582992098.042837,12
1582992098.154872,12
1582992098.268288,12
1582992098.379701,14
1582992098.490161,13
1582992098.600822,12
1582992098.712153,13
1582992098.824726,13
1582992098.935403,13
1582992099.046580,14
1582992099.158171,14
1582992099.270356,14
1582992099.382535,14
1582992099.493673,14
1582992099.604684,14
1582992099.715408,14
1582992099.827587,14
1582992099.937639,16
1582992100.048705,15
1582992100.160691,15
1582992100.274280,15
1582992100.383958,16
1582992100.494084,16
1582992100.607357,15
1582992100.719202,18
1582992100.830380,20
1582992100.940780,15
1582992101.052982,15
1582992101.163553,12
1582992101.274217,7
1582992101.385614,7
1582992101.497598,8
1582992101.609396,7
1582992101.720352,10
1582992101.832026,9
1582992101.942222,9
1582992102.052904,9
1582992102.165915,8
1582992102.278257,9
1582992102.388275,9
1582992102.500096,9
1582992102.610075,9
1582992102.722393,9
1582992102.834240,9
1582992102.945541,9
1582992103.059310,11
1582992103.170886,11
1582992103.282622,11
1582992103.396953,11
1582992103.509582,10
1582992103.622251,10
1582992103.733736,11
1582992103.843047,11
1582992103.955404,11
1582992104.066819,11
1582992104.177699,12
1582992104.288615,12
1582992104.401892,12
1582992104.512117,12
1582992104.623418,13
1582992104.746410,13
1582992104.857828,14
1582992104.970309,13
1582992105.082870,19
1582992105.194773,17
1582992105.307275,13
1582992105.418377,14
1582992105.529813,7
1582992105.639471,6
1582992105.751770,6
1582992105.862089,6
1582992105.976608,7
1582992106.089684,7
1582992106.202598,7
1582992106.315251,7
1582992106.426990,8
1582992106.539189,8
1582992106.649259,8
1582992106.758968,8
1582992106.869386,8
1582992106.982412,8
1582992107.095537,8
1582992107.208467,9
1582992107.321332,9
1582992107.433527,9
1582992107.544551,11
1582992107.656911,10
1582992107.769296,10
1582992107.882752,10
1582992107.994086,11
1582992108.106177,10
1582992108.216836,10
1582992108.329080,11
1582992108.439438,11
1582992108.552970,17
1582992108.663957,19
1582992108.776904,13
1582992108.888141,13
1582992109.003873,12
1582992109.116012,12
1582992109.227051,12
1582992109.338382,12
1582992109.451603,11
1582992109.562820,13
1582992109.674282,13
1582992109.785265,12
1582992109.896657,12
1582992110.007074,13
1582992110.116878,13
1582992110.227926,13
1582992110.337408,13
1582992110.448183,14
1582992110.560670,14
1582992110.671344,14
1582992110.783146,14
1582992110.894195,15
1582992111.005880,15
1582992111.117020,14
1582992111.229322,14
1582992111.341130,15
1582992111.452335,15
1582992111.562163,15
1582992111.674163,15
1582992111.784735,16
1582992111.896100,16
1582992112.009735,15
1582992112.120680,19
1582992112.232700,18
1582992112.345172,15
1582992112.456048,14
1582992112.568094,11
1582992112.680637,7
1582992112.792891,8
1582992112.904210,7
1582992113.016712,10
1582992113.127177,10
1582992113.238339,10
1582992113.350032,8
1582992113.462023,8
1582992113.574016,8
1582992113.684821,9
1582992113.795936,9
1582992113.909062,10
1582992114.020450,9
1582992114.129657,9
1582992114.242748,10
1582992114.354044,10
1582992114.465083,11
1582992114.575827,12
1582992114.689272,10
1582992114.799214,10
1582992114.911297,10
1582992115.023400,10
1582992115.136035,11
1582992115.247674,12
1582992115.359188,12
1582992115.470616,12
1582992115.582390,12
1582992115.694912,11
1582992115.807446,13
1582992115.919376,12
1582992116.030931,13
1582992116.141567,13
1582992116.253775,14
1582992116.366052,13
1582992116.478257,20
1582992116.588613,19
1582992116.700078,16
1582992116.811752,13
1582992116.927050,12
1582992117.039349,5
1582992117.151430,6
1582992117.262518,6
1582992117.374953,6
1582992117.487218,7
1582992117.597808,7
1582992117.709627,7
1582992117.820133,7
1582992117.930734,7
1582992118.041341,8
1582992118.151554,8
1582992118.263726,8
1582992118.375228,8
1582992118.492448,8
1582992118.604621,10
1582992118.717309,10
1582992118.829788,10
1582992118.940866,9
1582992119.053932,9
1582992119.165561,9
1582992119.275628,9
1582992119.387474,10
1582992119.497688,10
1582992119.611537,11
1582992119.730120,11
1582992119.844357,12
1582992119.957028,11
1582992120.068344,19
1582992120.181686,13
1582992120.292691,13
1582992120.409013,11
1582992120.520645,13
1582992120.632541,12
1582992120.744271,12
1582992120.856564,12
1582992120.968059,13
1582992121.078141,13
1582992121.189080,13
1582992121.301501,13
1582992121.412725,13
1582992121.523569,13
1582992121.634440,13
1582992121.746239,12
1582992121.859224,14
1582992121.970012,14
1582992122.082125,14
1582992122.193807,14
1582992122.305495,14
1582992122.416563,14
1582992122.527407,14
1582992122.638281,14
1582992122.750897,14
1582992122.863466,15
1582992122.974446,15
1582992123.085102,16
1582992123.201002,14
1582992123.315801,16
1582992123.429442,16
1582992123.539209,19
1582992123.649347,18
1582992123.761462,14
1582992123.873310,14
1582992123.984422,13
1582992124.095029,9
1582992124.206261,7
1582992124.317965,8
1582992124.429207,7
1582992124.540774,11
1582992124.651805,9
1582992124.763715,9
1582992124.877584,8
1582992124.989274,9
1582992125.100026,9
1582992125.213127,9
1582992125.325145,9
1582992125.436733,9
1582992125.548403,9
1582992125.659196,9
1582992125.770143,9
1582992125.885170,10
1582992126.000380,11
1582992126.113349,11
1582992126.228687,12
1582992126.340368,11
1582992126.451531,11
1582992126.562663,10
1582992126.674399,11
1582992126.785703,11
1582992126.896321,11
1582992127.007661,13
1582992127.122178,13
1582992127.233857,12
1582992127.344213,12
1582992127.455672,12
1582992127.567143,13
1582992127.679158,14
1582992127.791064,14
1582992127.902143,20
1582992128.013693,19
1582992128.124144,15
1582992128.235618,14
1582992128.356606,12
1582992128.470489,5
1582992128.585044,6
1582992128.697880,6
1582992128.811538,7
1582992128.923098,7
1582992129.037568,7
1582992129.152317,7
1582992129.265540,7
1582992129.378903,8
1582992129.492871,8
1582992129.615049,8
1582992129.728667,8
1582992129.840980,8
1582992129.955982,8
1582992130.069537,10
1582992130.181918,10
1582992130.293297,10
1582992130.405953,10
1582992130.519819,9
1582992130.632941,9
1582992130.744692,10
1582992130.856132,10
1582992130.966454,10
1582992131.080341,11
1582992131.197667,12
1582992131.310096,12
1582992131.422188,18
1582992131.534339,18
1582992131.647251,13
1582992131.759151,13
1582992131.873023,11
1582992131.986557,11
1582992132.097088,11
1582992132.209039,12
1582992132.320932,13
1582992132.433855,13
1582992132.545556,13
1582992132.657573,13
1582992132.771619,13
1582992132.883630,13
1582992132.995866,13
1582992133.107930,13
1582992133.221072,12
1582992133.331908,14
1582992133.445406,14
1582992133.558296,14
1582992133.669254,15
1582992133.781932,15
1582992133.895115,14
1582992134.007853,14
1582992134.118728,14
1582992134.231628,15
1582992134.344875,15
1582992134.458903,16
1582992134.570785,15
1582992134.683008,16
1582992134.795743,16
1582992134.911993,15
1582992135.024576,19
1582992135.137328,17
1582992135.250351,14
1582992135.364092,14
1582992135.477222,12
1582992135.589165,7
1582992135.703050,7
1582992135.816696,8
1582992135.931583,9
1582992136.045745,9
1582992136.158434,10
1582992136.276328,10
1582992136.390475,9
1582992136.502765,8
1582992136.616406,8
1582992136.729888,9
1582992136.841482,9
1582992136.953505,9
1582992137.065320,10
1582992137.177302,10
1582992137.288736,10
1582992137.405700,10
1582992137.517029,10
1582992137.629215,10
1582992137.740831,10
1582992137.852273,11
1582992137.964253,11
1582992138.076078,11
1582992138.188600,12
1582992138.300007,12
1582992138.413135,12
1582992138.524700,12
1582992138.638276,12
1582992138.750647,11
1582992138.863744,11
1582992138.980567,12
1582992139.097588,13
1582992139.213094,14
1582992139.326934,20
1582992139.443921,20
1582992139.557627,15
1582992139.671089,13
1582992139.785796,11
1582992139.898554,5
1582992140.013266,5
1582992140.127499,6
1582992140.241543,7
1582992140.355776,7
1582992140.471090,7
1582992140.583223,7
1582992140.695854,7
1582992140.809235,8
1582992140.920639,8
1582992141.033462,9
1582992141.150592,8
1582992141.264866,8
1582992141.378132,8
1582992141.490638,9
1582992141.603919,9
1582992141.718597,9
1582992141.829490,9
1582992141.941522,10
1582992142.055155,10
1582992142.169232,11
1582992142.284183,11
1582992142.400411,10
1582992142.515251,10
1582992142.630398,11
1582992142.743879,12
1582992142.857099,18
1582992142.971020,19
1582992143.084774,13
1582992143.199160,13
1582992143.314116,12
1582992143.427161,11
1582992143.539724,11
1582992143.651962,12
1582992143.768415,12
1582992143.884392,13
1582992143.997734,13
1582992144.112853,13
1582992144.227562,13
1582992144.340804,13
1582992144.453071,13
1582992144.564266,13
1582992144.676769,14
1582992144.791029,13
1582992144.905389,14
1582992145.019707,14
1582992145.132758,14
1582992145.246650,14
1582992145.362509,14
1582992145.477489,14
1582992145.588678,14
1582992145.703523,15
1582992145.817293,15
1582992145.932505,15
1582992146.058077,15
1582992146.171381,16
1582992146.283258,16
1582992146.396433,20
1582992146.506235,18
1582992146.617876,16
1582992146.733999,16
1582992146.846223,15
1582992146.958798,11
1582992147.070817,7
1582992147.182038,9
1582992147.296014,10
1582992147.407638,9
1582992147.520517,10
1582992147.634574,10
1582992147.756937,8
1582992147.867790,10
1582992147.978754,9
1582992148.091890,9
1582992148.204972,9
1582992148.316669,9
1582992148.427684,9
1582992148.537674,11
1582992148.647600,11
1582992148.759200,11
1582992148.871054,11
1582992148.983122,11
1582992149.094034,11
1582992149.206186,10
1582992149.319098,11
1582992149.432122,11
1582992149.543149,11
1582992149.654977,12
1582992149.765938,13
1582992149.876958,12
1582992149.988350,12
1582992150.100151,13
1582992150.211222,13
1582992150.324952,13
1582992150.437422,13
1582992150.557073,13
1582992150.674992,14
1582992150.785471,14
1582992150.897831,19
1582992151.009622,19
1582992151.122072,14
1582992151.233363,13
1582992151.345335,10
1582992151.455894,7
1582992151.566337,7
1582992151.678166,7
1582992151.790565,7
1582992151.901483,7
1582992152.012433,8
1582992152.123176,7
1582992152.234504,8
1582992152.344847,8
1582992152.457290,8
1582992152.568308,8
1582992152.681187,8
1582992152.792653,9
1582992152.904286,9
1582992153.015637,10
1582992153.127130,10
1582992153.237947,10
1582992153.350526,9
1582992153.461340,9
1582992153.573749,10
1582992153.684749,10
1582992153.797667,10
1582992153.911435,10
1582992154.023310,11
1582992154.135823,12
1582992154.245767,13
1582992154.358839,19
1582992154.470246,20
1582992154.582326,12
1582992154.695081,13
1582992154.805342,12
1582992154.915739,11
1582992155.027058,11
1582992155.138835,12
1582992155.250710,12
1582992155.362161,12
1582992155.475373,13
1582992155.586478,13
1582992155.699186,13
1582992155.809211,14
1582992155.922892,14
1582992156.035540,14
1582992156.145720,14
1582992156.256474,14
1582992156.368279,14
1582992156.479351,14
1582992156.591675,14
1582992156.702982,14
1582992156.814477,14
1582992156.925408,14
1582992157.043083,15
1582992157.155248,15
1582992157.266382,15
1582992157.376187,15
1582992157.488022,16
1582992157.599822,15
1582992157.710725,17
1582992157.820956,16
1582992157.932101,18
1582992158.044670,18
1582992158.156412,14
1582992158.268681,14
1582992158.381117,12
1582992158.491855,11
1582992158.602244,8
1582992158.711998,9
1582992158.824191,10
1582992158.934486,10
1582992159.046472,10
1582992159.159181,8
1582992159.271862,8
1582992159.384843,9
1582992159.496790,9
1582992159.607932,9
1582992159.720478,10
1582992159.833416,10
1582992159.944428,9
1582992160.056830,11
1582992160.168863,10
1582992160.278865,10
1582992160.390455,10
1582992160.502744,10
1582992160.613256,10
1582992160.726182,11
1582992160.836486,13
1582992160.947562,12
1582992161.059680,12
1582992161.171330,12
1582992161.284030,12
1582992161.396621,12
1582992161.508703,12
1582992161.621200,11
1582992161.733599,12
1582992161.846385,13
1582992161.957768,13
1582992162.068647,14
1582992162.180167,14
1582992162.291211,19
1582992162.403987,19
1582992162.514443,13
1582992162.629018,13
1582992162.748321,9
1582992162.859233,5
1582992162.970716,5
1582992163.081961,6
1582992163.191999,7
1582992163.303202,7
1582992163.413609,7
1582992163.524599,7
1582992163.636632,7
1582992163.748785,8
1582992163.860935,8
1582992163.972575,8
1582992164.085211,9
1582992164.197133,9
1582992164.307740,8
1582992164.420991,9
1582992164.534068,9
1582992164.645760,9
1582992164.759134,9
1582992164.870578,9
1582992164.983644,9
1582992165.094274,11
1582992165.205277,11
1582992165.315598,11
1582992165.425777,11
1582992165.538691,10
1582992165.648662,12
1582992165.758778,17
1582992165.869125,18
1582992165.980175,12
1582992166.090530,13
1582992166.204984,11
1582992166.316080,12
1582992166.427267,12
1582992166.538346,12
1582992166.648773,12
1582992166.761024,13
1582992166.872398,13
1582992166.984074,13
1582992167.097564,13
1582992167.209714,13
1582992167.321295,13
1582992167.432471,13
1582992167.543948,13
1582992167.654352,13
1582992167.765746,14
1582992167.875842,14
1582992167.987826,14
1582992168.099219,14
1582992168.208662,14
1582992168.319319,14
1582992168.431351,14
1582992168.542750,14
1582992168.654310,15
1582992168.765938,15
1582992168.876458,16
1582992168.988958,16
1582992169.100753,16
1582992169.212670,16
1582992169.324841,18
1582992169.437043,18
1582992169.547579,14
1582992169.658995,14
1582992169.771155,12
1582992169.881775,7
1582992169.993729,7
1582992170.106633,8
1582992170.218470,8
1582992170.328675,10
1582992170.439892,9
1582992170.551665,8
1582992170.663531,8
1582992170.776234,8
1582992170.887640,8
1582992170.999160,10
1582992171.111375,10
1582992171.222322,10
1582992171.334291,9
1582992171.447101,9
1582992171.559210,9
1582992171.670635,10
1582992171.782738,10
1582992171.895102,11
1582992172.006981,11
1582992172.118768,11
1582992172.229961,11
1582992172.341879,11
1582992172.452161,12
1582992172.562488,12
1582992172.675651,11
1582992172.786545,11
1582992172.897226,11
1582992173.006365,11
1582992173.118251,11
1582992173.229256,12
1582992173.339847,13
1582992173.450104,15
1582992173.559956,14
1582992173.669592,19
1582992173.780484,19
1582992173.890941,13
1582992174.003126,13
1582992174.117525,9
1582992174.229905,6
1582992174.339726,5
1582992174.451148,5
1582992174.562987,7
1582992174.675801,7
1582992174.788188,7
1582992174.899463,7
1582992175.012575,7
1582992175.123384,8
1582992175.235450,8
1582992175.346767,8
1582992175.457663,8
1582992175.567511,9
1582992175.680249,9
1582992175.789483,9
1582992175.901713,10
1582992176.013473,9
1582992176.125571,9
1582992176.239942,9
1582992176.352001,9
1582992176.464064,11
1582992176.576045,10
1582992176.686947,11
1582992176.799571,11
1582992176.912269,11
1582992177.024481,12
1582992177.136619,18
1582992177.249235,18
1582992177.363205,12
1582992177.473767,13
1582992177.587565,11
1582992177.698510,11
1582992177.810858,12
1582992177.921900,12
1582992178.033714,12
1582992178.144277,13
1582992178.255154,13
1582992178.364857,13
1582992178.477190,13
1582992178.589473,13
1582992178.701676,13
1582992178.814007,13
1582992178.924353,13
1582992179.035309,13
1582992179.145493,14
1582992179.257160,14
1582992179.369284,14
1582992179.481155,14
1582992179.592964,14
1582992179.703349,13
1582992179.814261,14
1582992179.924666,14
1582992180.035020,15
1582992180.147543,15
1582992180.257856,16
1582992180.368120,16
1582992180.481137,16
1582992180.591992,16
1582992180.703869,19
1582992180.815928,18
1582992180.928076,15
1582992181.040349,16
1582992181.150887,16
1582992181.262169,16
1582992181.373188,16
1582992181.485597,18
1582992181.598082,18
1582992181.710188,18
1582992181.822553,19
1582992181.934791,18
1582992182.048632,18
1582992182.160767,18
1582992182.276003,18
1582992182.388834,17
1582992182.499830,18
1582992182.611275,18
1582992182.722141,18
1582992182.834299,18
1582992182.945107,19
1582992183.058972,17
1582992183.169412,17
1582992183.282090,18
1582992183.392064,18
1582992183.504649,19
1582992183.616903,19
1582992183.727774,19
1582992183.839722,19
1582992183.952377,19
1582992184.063044,19
1582992184.174721,19
1582992184.285450,19
1582992184.396245,18
1582992184.506670,18
1582992184.618112,18
1582992184.730629,18
1582992184.841751,18
1582992184.954575,19
1582992185.068982,18
1582992185.182056,12
1582992185.294829,16
1582992185.406336,15
1582992185.515853,11
1582992185.626844,9
1582992185.739232,9
1582992185.851325,10
1582992185.963456,10
1582992186.073734,11
1582992186.185232,11
1582992186.297155,12
1582992186.410775,11
1582992186.522152,12
1582992186.632627,12
1582992186.744226,12
1582992186.855774,11
1582992186.965859,11
1582992187.077160,12
1582992187.188730,11
1582992187.301834,11
1582992187.413010,12
1582992187.525979,13
1582992187.637700,13
1582992187.748476,13
1582992187.859758,13
1582992187.972497,13
1582992188.084178,13
1582992188.196028,14
1582992188.307914,14
1582992188.419169,14
1582992188.531082,15
1582992188.645258,15
1582992188.759008,19
1582992188.870596,19
1582992188.981499,17
1582992189.093268,13
1582992189.203565,12
1582992189.316237,7
1582992189.428263,6
1582992189.539687,7
1582992189.649762,8
1582992189.761537,8
1582992189.873839,7
1582992189.985880,7
1582992190.096574,8
1582992190.209105,8
1582992190.321044,8
1582992190.431206,8
1582992190.542201,8
1582992190.652725,9
1582992190.763086,9
1582992190.876329,10
1582992190.987317,10
1582992191.100500,9
1582992191.212689,9
1582992191.324812,10
1582992191.437749,11
1582992191.549538,10
1582992191.658801,10
1582992191.771288,11
1582992191.882687,11
1582992191.994249,11
1582992192.107211,12
1582992192.219329,12
1582992192.331008,13
1582992192.442061,12
1582992192.554153,12
1582992192.663984,11
1582992192.774762,12
1582992192.886123,12
1582992192.996603,18
1582992193.108914,18
1582992193.220883,13
1582992193.331970,15
1582992193.443543,10
1582992193.555478,6
1582992193.666543,6
1582992193.778857,6
1582992193.890913,7
1582992194.002009,7
1582992194.115174,7
1582992194.227552,7
1582992194.338115,8
1582992194.450231,8
1582992194.562965,8
1582992194.674084,8
1582992194.786344,8
1582992194.898708,8
1582992195.010461,8
1582992195.121671,9
1582992195.233384,9
1582992195.344968,10
1582992195.457356,10
1582992195.567943,10
1582992195.680319,10
1582992195.791805,10
1582992195.902439,10
1582992196.013938,10
1582992196.126765,10
1582992196.238270,10
1582992196.348899,11
1582992196.459571,18
1582992196.570634,19
1582992196.680531,13
1582992196.792369,13
1582992196.904038,12
1582992197.014561,12
1582992197.126949,13
1582992197.238556,12
1582992197.351667,12
1582992197.464136,12
1582992197.576568,12
1582992197.687562,12
1582992197.799313,12
1582992197.911055,13
1582992198.022598,13
1582992198.133514,12
1582992198.246078,13
1582992198.357115,14
1582992198.469727,14
1582992198.581064,14
1582992198.692965,14
1582992198.802060,14
1582992198.913404,14
1582992199.029258,14
1582992199.148154,14
1582992199.260340,15
1582992199.371680,15
1582992199.483674,15
1582992199.595380,15
1582992199.707399,15
1582992199.817977,16
1582992199.932872,18
1582992200.046169,20
1582992200.157127,18
1582992200.268297,14
1582992200.380485,14
1582992200.491503,13
1582992200.604498,7
1582992200.715101,7
1582992200.827846,8
1582992200.939346,7
1582992201.052311,10
1582992201.163974,10
1582992201.276507,8
1582992201.389064,9
1582992201.500104,8
1582992201.611378,8
1582992201.722100,9
1582992201.833359,9
1582992201.944963,9
1582992202.058067,10
1582992202.169249,11
1582992202.280911,10
1582992202.393121,11
1582992202.503859,11
1582992202.616872,10
1582992202.727191,10
1582992202.838107,10
1582992202.948140,9
1582992203.059964,10
1582992203.172224,12
1582992203.284553,12
1582992203.396286,12
1582992203.508709,12
1582992203.621143,12
1582992203.732455,12
1582992203.843608,12
1582992203.954319,13
1582992204.065355,13
1582992204.178124,14
1582992204.288390,14
1582992204.399411,18
1582992204.510615,19
1582992204.620570,16
1582992204.731139,14
1582992204.844590,12
1582992204.956150,5
1582992205.068036,7
1582992205.178698,6
1582992205.290552,7
1582992205.403968,7
1582992205.516039,7
1582992205.628058,7
1582992205.739435,7
1582992205.850260,8
1582992205.959749,8
1582992206.073831,9
1582992206.186136,8
1582992206.298025,8
1582992206.411080,8
1582992206.523352,9
1582992206.633914,10
1582992206.746060,10
1582992206.859323,10
1582992206.970279,9
1582992207.083124,9
1582992207.195878,10
1582992207.307195,11
1582992207.420982,10
1582992207.533346,10
1582992207.654711,11
1582992207.767063,12
1582992207.877699,13
1582992207.987431,19
1582992208.100390,13
1582992208.212551,13
1582992208.326063,13
1582992208.437210,12
1582992208.550364,11
1582992208.660008,11
1582992208.770980,11
1582992208.881780,12
1582992208.992825,13
1582992209.104300,14
1582992209.216046,13
1582992209.326588,13
1582992209.440023,13
1582992209.551621,13
1582992209.663177,13
1582992209.775149,14
1582992209.887434,14
1582992209.997977,15
1582992210.109535,14
1582992210.221387,14
1582992210.332689,14
1582992210.443777,14
1582992210.556257,14
1582992210.667295,14
1582992210.778809,16
1582992210.889469,15
1582992210.999957,15
1582992211.119845,15
1582992211.232518,17
1582992211.345222,16
1582992211.456051,19
1582992211.567130,18
1582992211.678319,15
1582992211.790304,15
1582992211.901966,13
1582992212.013999,8
1582992212.127239,7
1582992212.239126,8
1582992212.349457,7
1582992212.459957,10
1582992212.571061,10
1582992212.682373,9
1582992212.795907,8
1582992212.906173,8
1582992213.018750,8
1582992213.130032,9
1582992213.242711,10
1582992213.354791,10
1582992213.465024,11
1582992213.578217,11
1582992213.689178,9
1582992213.800159,10
1582992213.912427,10
1582992214.024546,10
1582992214.134168,10
1582992214.245262,9
1582992214.357287,11
1582992214.468286,11
1582992214.579718,12
1582992214.692401,12
1582992214.803531,12
1582992214.914416,12
1582992215.026986,12
1582992215.139972,11
1582992215.251524,12
1582992215.362917,12
1582992215.475691,12
1582992215.586288,12
1582992215.699549,13
1582992215.812666,13
1582992215.925481,19
1582992216.039684,17
1582992216.151452,13
1582992216.262655,13
1582992216.373193,7
1582992216.483742,6
1582992216.594285,6
1582992216.705742,7
1582992216.817197,6
1582992216.929475,7
1582992217.040861,7
1582992217.153817,7
1582992217.265474,7
1582992217.377262,8
1582992217.489042,8
1582992217.599409,8
1582992217.709684,8
1582992217.822087,8
1582992217.933960,9
1582992218.045759,10
1582992218.158555,10
1582992218.270482,9
1582992218.381815,9
1582992218.492242,9
1582992218.603853,9
1582992218.715848,10
1582992218.826642,10
1582992218.938581,10
1582992219.048799,11
1582992219.159722,12
1582992219.272276,11
1582992219.384624,19
1582992219.495868,17
1582992219.606820,13
1582992219.717717,13
1582992219.830268,12
1582992219.942178,11
1582992220.056200,11
1582992220.167534,11
1582992220.277810,12
1582992220.390594,13
1582992220.502029,13
1582992220.613224,14
1582992220.723950,13
1582992220.835394,13
1582992220.945056,13
1582992221.057836,13
1582992221.170465,12
1582992221.280603,13
1582992221.392965,14
1582992221.504180,15
1582992221.614170,14
1582992221.726950,14
1582992221.839053,14
1582992221.951073,14
1582992222.062541,14
1582992222.174428,15
1582992222.286432,15
1582992222.398806,15
1582992222.509948,16
1582992222.621516,17
1582992222.731963,16
1582992222.842638,19
1582992222.952797,18
1582992223.064743,18
1582992223.176100,13
1582992223.288190,13
1582992223.400695,12
1582992223.512272,7
1582992223.624392,9
1582992223.735817,8
1582992223.849046,9
1582992223.958860,10
1582992224.071390,9
1582992224.185701,8
1582992224.297743,8
1582992224.410761,8
1582992224.522869,9
1582992224.634734,10
1582992224.746982,10
1582992224.859520,10
1582992224.970285,10
1582992225.082253,9
1582992225.194489,9
1582992225.307187,10
1582992225.417719,10
1582992225.529014,10
1582992225.641233,11
1582992225.752679,11
1582992225.863953,11
1582992225.976178,11
1582992226.087259,12
1582992226.198411,12
1582992226.310895,12
1582992226.423723,12
1582992226.534784,11
1582992226.646920,11
1582992226.758288,12
1582992226.870921,12
1582992226.986327,12
1582992227.097607,14
1582992227.208575,14
1582992227.319808,19
1582992227.431509,18
1582992227.542858,13
1582992227.655814,13
1582992227.767011,8
1582992227.878686,6
1582992227.991712,5
1582992228.103978,6
1582992228.214805,8
1582992228.326970,7
1582992228.437412,7
1582992228.549147,7
1582992228.661945,7
1582992228.773085,8
1582992228.885237,8
1582992229.005229,8
1582992229.135201,8
1582992229.247479,8
1582992229.358973,9
1582992229.469032,9
1582992229.581612,9
1582992229.692488,10
1582992229.804964,10
1582992229.916253,9
1582992230.027429,10
1582992230.139020,11
1582992230.249764,11
1582992230.361609,11
1582992230.474430,10
1582992230.585362,12
1582992230.696669,11
1582992230.808261,17
1582992230.919134,16
1582992231.029793,13
1582992231.140854,13
1582992231.251274,12
1582992231.363080,12
1582992231.475125,13
1582992231.586883,12
1582992231.697362,12
1582992231.807810,13
1582992231.920305,13
1582992232.032233,13
1582992232.144825,13
1582992232.256924,13
1582992232.368929,13
1582992232.479163,14
1582992232.589869,12
1582992232.702376,14
1582992232.814250,14
1582992232.926819,14
1582992233.038979,14
1582992233.149358,14
1582992233.260297,14
1582992233.372453,14
1582992233.483504,15
1582992233.595130,15
1582992233.706085,15
1582992233.817103,16
1582992233.927790,15
1582992234.038992,16
1582992234.149370,16
1582992234.260100,15
1582992234.370458,18
1582992234.480269,18
1582992234.591407,13
1582992234.703653,13
1582992234.814121,12
1582992234.924901,6
1582992235.035680,8
1582992235.145479,8
1582992235.256235,7
1582992235.367801,10
1582992235.479550,9
1582992235.588864,8
1582992235.699755,8
1582992235.810111,8
1582992235.920683,8
1582992236.031766,9
1582992236.141770,10
1582992236.252648,10
1582992236.362971,10
1582992236.473885,10
1582992236.584035,9
1582992236.694559,11
1582992236.805147,10
1582992236.915590,10
1582992237.027981,10
1582992237.139120,10
1582992237.252574,11
1582992237.362034,11
1582992237.474571,12
1582992237.584950,12
1582992237.696728,12
1582992237.807541,12
1582992237.920742,12
1582992238.031440,12
1582992238.142600,11
1582992238.253235,12
1582992238.367515,12
1582992238.478764,13
1582992238.597331,13
1582992238.710538,19
1582992238.819941,20
1582992238.931223,13
1582992239.042032,13
1582992239.156410,10
1582992239.268205,6
1582992239.377237,6
1582992239.489980,6
1582992239.601748,6
1582992239.714005,7
1582992239.826695,7
1582992239.937065,7
1582992240.048555,8
1582992240.160752,9
1582992240.271786,8
1582992240.383606,8
1582992240.493229,8
1582992240.605194,8
1582992240.716564,8
1582992240.828520,10
1582992240.941174,10
1582992241.053606,11
1582992241.165734,10
1582992241.276556,9
1582992241.388437,9
1582992241.500828,10
1582992241.612898,10
1582992241.722538,9
1582992241.833444,10
1582992241.955158,11
1582992242.066534,12
1582992242.178215,13
1582992242.291071,18
1582992242.403977,13
1582992242.516691,13
1582992242.630759,11
1582992242.743785,11
1582992242.854556,11
1582992242.965487,12
1582992243.076688,12
1582992243.189316,13
1582992243.301647,13
1582992243.413374,13
1582992243.524986,13
1582992243.636486,13
1582992243.748350,13
1582992243.858387,13
1582992243.968931,14
1582992244.081426,13
1582992244.193956,14
1582992244.304905,14
1582992244.417739,14
1582992244.527964,14
1582992244.639164,14
1582992244.749538,15
1582992244.860912,14
1582992244.971133,14
1582992245.083230,15
1582992245.196574,16
1582992245.308933,16
1582992245.420571,15
1582992245.533077,16
1582992245.644553,16
1582992245.754189,18
1582992245.863344,18
1582992245.975394,14
1582992246.086318,14
1582992246.198485,13
1582992246.308906,7
1582992246.419165,7
1582992246.531103,8
1582992246.642993,9
1582992246.755604,9
1582992246.868171,9
1582992246.979318,9
1582992247.096818,8
1582992247.209213,8
1582992247.320108,9
1582992247.430793,10
1582992247.542026,10
1582992247.654725,9
1582992247.767256,9
1582992247.877341,10
1582992247.991932,10
1582992248.104588,10
1582992248.216693,10
1582992248.329211,11
1582992248.440747,11
1582992248.552091,11
1582992248.664814,11
1582992248.775452,11
1582992248.886219,11
1582992248.998941,11
1582992249.110667,11
1582992249.221312,11
1582992249.332836,11
1582992249.445871,11
1582992249.557753,11
1582992249.672313,13
1582992249.793313,13
1582992249.908234,13
1582992250.020616,14
1582992250.133295,13
1582992250.245049,19
1582992250.356899,17
1582992250.467715,12
1582992250.579416,14
1582992250.689302,14
1582992250.801071,14
1582992250.912732,14
1582992251.024116,15
1582992251.134800,15
1582992251.247074,16
1582992251.358327,15
1582992251.469730,14
1582992251.581627,16
1582992251.691945,15
1582992251.804740,15
1582992251.915682,15
1582992252.027452,16
1582992252.138637,15
1582992252.250038,15
1582992252.361970,15
1582992252.474116,15
1582992252.587129,16
1582992252.697748,17
1582992252.809668,17
1582992252.920377,17
1582992253.031744,17
1582992253.141370,16
1582992253.253811,16
1582992253.364073,16
1582992253.475233,16
1582992253.585730,16
1582992253.699585,19
1582992253.809741,18
1582992253.922425,18
1582992254.033715,18
1582992254.144430,18
1582992254.256697,18
1582992254.368573,18
1582992254.480228,17
1582992254.591376,18
1582992254.703221,18
1582992254.813473,17
1582992254.926332,17
1582992255.037444,17
1582992255.148437,9
1582992255.258298,8
1582992255.368783,9
1582992255.478902,8
1582992255.591655,10
1582992255.702774,12
1582992255.815754,11
1582992255.926656,11
1582992256.040852,10
1582992256.151967,10
1582992256.262475,9
1582992256.373587,10
1582992256.485674,11
1582992256.596835,10
1582992256.708012,10
1582992256.818707,10
1582992256.931103,10
1582992257.045350,11
1582992257.157058,12
1582992257.268673,12
1582992257.380010,11
1582992257.490055,12
1582992257.601901,12
1582992257.712807,12
1582992257.823696,12
1582992257.934998,12
1582992258.044947,12
1582992258.155694,13
1582992258.267130,12
1582992258.377623,12
1582992258.490263,13
1582992258.602741,13
1582992258.713002,13
1582992258.833966,14
1582992258.949398,15
1582992259.060503,15
1582992259.176160,19
1582992259.287247,18
1582992259.399247,14
1582992259.510746,13
1582992259.622932,8
1582992259.734649,6
1582992259.846977,6
1582992259.962370,7
1582992260.074169,8
1582992260.185673,8
1582992260.300248,8
1582992260.411436,7
1582992260.522707,9
1582992260.633054,8
1582992260.743452,8
1582992260.854295,8
1582992260.966857,8
1582992261.078655,9
1582992261.191030,9
1582992261.303711,9
1582992261.416739,10
1582992261.529222,10
1582992261.641179,10
1582992261.753608,9
1582992261.865465,10
1582992261.975700,10
1582992262.088213,10
1582992262.199210,10
1582992262.312013,11
1582992262.423915,11
1582992262.535169,13
1582992262.647271,12
1582992262.759063,12
1582992262.869840,12
1582992262.982286,12
1582992263.106837,13
1582992263.220035,12
1582992263.331937,12
1582992263.442452,18
1582992263.554132,17
1582992263.665151,14
1582992263.776513,14
1582992263.887524,7
1582992263.998382,6
1582992264.110383,6
1582992264.223412,6
1582992264.333789,7
1582992264.446344,7
1582992264.558049,8
1582992264.669889,8
1582992264.780545,7
1582992264.892817,8
1582992265.005810,8
1582992265.116923,8
1582992265.227336,8
1582992265.339640,8
1582992265.452194,9
1582992265.563540,10
1582992265.677332,10
1582992265.789588,10
1582992265.901974,10
1582992266.012499,10
1582992266.124402,9
1582992266.235366,10
1582992266.347130,10
1582992266.458411,10
1582992266.568968,10
1582992266.680815,12
1582992266.791473,12
1582992266.903534,18
1582992267.016389,17
1582992267.127290,13
1582992267.238704,13
1582992267.351247,12
1582992267.462783,12
1582992267.573896,11
1582992267.685700,13
1582992267.797304,11
1582992267.908037,12
1582992268.019395,12
1582992268.130939,12
1582992268.244676,13
1582992268.356403,13
1582992268.471131,13
1582992268.583674,13
1582992268.694463,14
1582992268.804649,14
1582992268.916530,14
1582992269.028252,14
1582992269.139291,14
1582992269.251231,14
1582992269.363055,14
1582992269.474588,14
1582992269.585374,14
1582992269.697240,16
1582992269.809929,15
1582992269.921403,15
1582992270.031912,15
1582992270.142653,16
1582992270.253078,16
1582992270.364816,17
1582992270.476060,20
1582992270.588547,18
1582992270.698702,14
1582992270.810158,14
1582992270.921638,10
1582992271.032366,7
1582992271.143311,7
1582992271.254872,8
1582992271.368689,11
1582992271.479122,10
1582992271.588816,10
1582992271.700978,9
1582992271.815746,8
1582992271.928299,8
1582992272.041200,9
1582992272.153669,9
1582992272.264418,9
1582992272.377086,10
1582992272.488447,10
1582992272.600934,11
1582992272.711996,10
1582992272.823648,10
1582992272.935184,10
1582992273.046078,10
1582992273.157307,10
1582992273.268301,10
1582992273.380453,11
1582992273.492919,12
1582992273.606442,13
1582992273.718900,13
1582992273.830770,12
1582992273.941582,12
1582992274.053752,12
1582992274.165920,11
1582992274.278132,11
1582992274.390431,12
1582992274.501463,12
1582992274.613138,13
1582992274.726041,14
1582992274.838699,20
1582992274.951196,19
1582992275.063666,16
1582992275.176707,13
1582992275.292387,11
1582992275.405218,5
1582992275.515406,6
1582992275.628062,7
1582992275.738636,7
1582992275.851372,7
1582992275.961603,7
1582992276.071953,7
1582992276.183279,7
1582992276.294019,7
1582992276.405027,8
1582992276.516579,8
1582992276.628685,8
1582992276.740164,8
1582992276.852003,9
1582992276.963669,9
1582992277.075337,10
1582992277.186546,11
1582992277.299393,9
1582992277.410268,9
1582992277.520124,9
1582992277.631637,10
1582992277.743512,10
1582992277.856412,11
1582992277.969156,11
1582992278.085175,11
1582992278.197778,13
1582992278.308598,18
1582992278.419162,19
1582992278.531119,13
1582992278.642431,13
1582992278.756611,12
1582992278.869323,11
1582992278.981874,11
1582992279.094196,12
1582992279.203993,12
1582992279.315945,13
1582992279.428070,13
1582992279.541233,13
1582992279.652649,13
1582992279.765458,13
1582992279.877906,13
1582992279.988341,13
1582992280.101118,13
1582992280.213636,13
1582992280.326201,14
1582992280.438816,14
1582992280.550919,14
1582992280.662668,14
1582992280.773718,14
1582992280.884346,14
1582992280.995875,14
1582992281.107539,14
1582992281.219341,15
1582992281.331580,16
1582992281.443428,16
1582992281.555741,15
1582992281.667636,16
1582992281.779111,16
1582992281.891760,18
1582992282.002064,18
1582992282.113655,14
1582992282.224842,15
1582992282.336934,14
1582992282.449175,7
1582992282.559305,7
1582992282.669839,8
1582992282.781894,7
1582992282.893867,10
1582992283.004290,9
1582992283.115479,8
1582992283.226410,8
1582992283.339049,8
1582992283.450914,8
1582992283.563420,10
1582992283.674302,10
1582992283.785042,10
1582992283.895663,10
1582992284.006762,9
1582992284.117407,9
1582992284.229320,10
1582992284.341699,10
1582992284.452721,10
1582992284.564619,10
1582992284.675775,12
1582992284.788174,11
1582992284.900378,11
1582992285.011335,12
1582992285.123380,12
1582992285.234798,12
1582992285.346562,12
1582992285.459971,11
1582992285.572222,11
1582992285.682711,12
1582992285.794964,11
1582992285.905934,12
1582992286.018849,14
1582992286.129651,14
1582992286.242060,19
1582992286.352747,19
1582992286.466244,14
1582992286.576711,13
1582992286.692372,10
1582992286.811356,6
1582992286.923134,5
1582992287.034214,6
1582992287.145923,7
1582992287.256318,7
1582992287.366938,8
1582992287.478273,7
1582992287.590718,7
1582992287.702202,8
1582992287.813459,8
1582992287.925756,8
1582992288.037922,8
1582992288.149333,9
1582992288.259927,8
1582992288.371119,10
1582992288.485577,10
1582992288.599221,9
1582992288.712070,9
1582992288.823612,9
1582992288.935279,9
1582992289.046181,10
1582992289.157333,11
1582992289.268936,11
1582992289.379735,11
1582992289.492091,10
1582992289.604311,13
1582992289.715678,17
1582992289.827560,18
1582992289.940512,12
1582992290.053426,14
1582992290.163949,11
1582992290.276493,12
1582992290.389056,12
1582992290.498636,12
1582992290.609978,12
1582992290.720632,13
1582992290.833568,14
1582992290.945744,13
1582992291.057618,13
1582992291.168850,13
1582992291.281090,13
1582992291.393645,13
1582992291.505353,12
1582992291.617916,14
1582992291.727903,14
1582992291.839085,15
1582992291.951894,14
1582992292.063468,14
1582992292.174057,14
1582992292.286115,14
1582992292.396459,14
1582992292.506835,14
1582992292.617535,15
1582992292.728344,15
1582992292.837612,16
1582992292.947747,15
1582992293.061189,17
1582992293.173159,16
1582992293.283851,19
1582992293.396426,19
1582992293.507214,14
1582992293.619449,14
1582992293.729869,12
1582992293.842019,7
1582992293.952856,7
1582992294.063791,8
1582992294.175751,7
1582992294.287092,10
1582992294.398081,10
1582992294.508743,9
1582992294.620176,8
1582992294.731527,8
1582992294.842077,8
1582992294.952622,9
1582992295.066208,10
1582992295.179079,10
1582992295.289844,10
1582992295.400048,9
1582992295.512640,9
1582992295.624943,10
1582992295.738196,10
1582992295.849335,10
1582992295.961772,10
1582992296.074053,11
1582992296.185592,11
1582992296.297205,11
1582992296.408820,12
1582992296.519370,12
1582992296.632188,12
1582992296.743241,12
1582992296.853005,13
1582992296.964558,11
1582992297.076815,12
1582992297.190490,12
1582992297.302552,13
1582992297.414032,14
1582992297.525910,14
1582992297.637249,20
1582992297.749515,19
1582992297.859924,16
1582992297.971367,13
1582992298.087238,10
1582992298.199090,5
1582992298.309786,5
1582992298.420595,5
1582992298.531865,6
1582992298.642690,7
1582992298.754585,7
1582992298.867332,7
1582992298.977257,7
1582992299.088483,7
1582992299.198678,8
1582992299.311227,9
1582992299.424608,9
1582992299.537882,9
1582992299.651126,9
1582992299.761544,9
1582992299.874468,10
1582992299.983954,9
1582992300.093700,10
1582992300.205475,9
1582992300.317216,10
1582992300.428091,9
1582992300.539495,10
1582992300.651630,11
1582992300.763579,11
1582992300.874056,11
1582992300.984692,12
1582992301.096859,12
1582992301.208108,19
1582992301.318390,16
1582992301.430652,13
1582992301.544498,11
1582992301.657450,11
1582992301.767345,11
1582992301.878631,11
1582992301.989809,12
1582992302.101756,13
1582992302.213904,13
1582992302.324550,13
1582992302.436890,13
1582992302.548488,13
1582992302.659865,13
1582992302.770320,13
1582992302.882932,13
1582992302.992988,13
1582992303.104452,15
1582992303.216171,15
1582992303.327794,14
1582992303.439169,14
1582992303.551775,14
1582992303.664302,14
1582992303.776745,14
1582992303.887141,14
1582992303.999244,15
1582992304.109705,15
1582992304.221365,16
1582992304.333928,16
1582992304.444683,16
1582992304.556343,16
1582992304.667304,19
1582992304.778764,18
1582992304.890528,17
1582992305.000623,13
1582992305.109982,12
1582992305.222571,11
1582992305.334905,8
1582992305.444661,7
1582992305.557848,8
1582992305.670685,10
1582992305.781569,9
1582992305.892706,9
1582992306.007131,8
1582992306.116595,8
1582992306.227119,8
1582992306.336977,9
1582992306.447645,10
1582992306.559364,10
1582992306.670937,10
1582992306.781862,10
1582992306.892625,9
1582992307.006324,9
1582992307.118590,10
1582992307.231456,10
1582992307.344050,10
1582992307.455754,11
1582992307.567309,11
1582992307.679509,11
1582992307.790031,13
1582992307.900278,12
1582992308.010549,12
1582992308.123287,12
1582992308.234306,11
1582992308.347196,11
1582992308.457483,11
1582992308.569211,12
1582992308.680753,12
1582992308.796816,12
1582992308.909022,13
1582992309.019881,14
1582992309.131307,19
1582992309.242690,18
1582992309.355917,14
1582992309.466362,13
1582992309.579127,8
1582992309.691414,6
1582992309.802102,6
1582992309.914874,5
1582992310.026290,6
1582992310.136857,8
1582992310.247249,7
1582992310.359433,7
1582992310.472454,7
1582992310.583910,8
1582992310.695323,8
1582992310.807202,8
1582992310.919139,8
1582992311.030344,9
1582992311.142197,9
1582992311.252084,10
1582992311.362478,10
1582992311.473060,10
1582992311.583219,11
1582992311.693975,9
1582992311.804538,9
1582992311.915060,10
1582992312.028527,10
1582992312.138116,10
1582992312.250488,11
1582992312.361628,12
1582992312.473578,12
1582992312.585200,18
1582992312.697869,19
1582992312.810037,12
1582992312.921126,13
1582992313.036794,12
1582992313.148851,11
1582992313.258786,11
1582992313.371038,11
1582992313.481278,12
1582992313.593879,13
1582992313.705762,13
1582992313.816466,13
1582992313.929242,13
1582992314.038800,13
1582992314.151493,13
1582992314.263795,13
1582992314.375906,13
1582992314.487406,13
1582992314.598441,13
1582992314.708517,14
1582992314.822245,14
1582992314.934937,14
1582992315.047449,14
1582992315.159235,14
1582992315.270312,14
1582992315.381336,15
1582992315.493747,15
1582992315.604818,15
1582992315.716933,16
1582992315.828816,16
1582992315.941260,16
1582992316.053454,16
1582992316.165463,18
1582992316.278273,18
1582992316.391413,13
1582992316.503096,13
1582992316.616048,12
1582992316.727918,6
1582992316.839290,7
1582992316.950919,8
1582992317.063379,7
1582992317.175787,10
1582992317.286545,10
1582992317.397114,8
1582992317.508124,8
1582992317.619148,8
1582992317.729885,8
1582992317.841822,8
1582992317.952062,10
1582992318.062651,10
1582992318.173818,10
1582992318.284877,9
1582992318.395571,9
1582992318.508438,10
1582992318.620315,10
1582992318.732803,10
1582992318.844940,9
1582992318.956302,11
1582992319.069007,11
1582992319.182951,11
1582992319.292606,12
1582992319.402790,12
1582992319.515126,12
1582992319.626508,11
1582992319.770766,12
1582992319.882557,13
1582992319.993713,12
1582992320.105382,13
1582992320.215699,13
1582992320.331755,14
1582992320.444883,14
1582992320.556232,19
1582992320.669927,19
1582992320.780207,13
1582992320.894289,13
1582992321.004172,9
1582992321.113855,6
1582992321.225867,6
1582992321.338150,6
1582992321.449049,7
1582992321.561881,7
1582992321.674247,7
1582992321.787937,7
1582992321.899001,7
1582992322.011803,8
1582992322.123023,9
1582992322.280169,8
1582992322.396153,8
1582992322.506326,8
1582992322.618994,9
1582992322.729614,9
1582992322.842250,10
1582992322.953120,10
1582992323.064414,10
1582992323.175709,9
1582992323.288693,9
1582992323.401524,10
1582992323.512082,10
1582992323.622555,10
1582992323.734786,10
1582992323.846201,12
1582992323.956960,11
1582992324.068062,18
1582992324.178373,15
1582992324.290519,13
1582992324.402598,12
1582992324.514317,12
1582992324.625324,12
1582992324.737661,12
1582992324.847370,12
1582992324.958972,12
1582992325.070350,12
1582992325.180470,12
1582992325.294374,12
1582992325.405516,13
1582992325.516719,13
1582992325.627594,13
1582992325.738272,13
1582992325.849238,13
1582992325.960804,14
1582992326.072207,14
1582992326.182318,14
1582992326.294301,14
1582992326.405489,14
1582992326.519265,14
1582992326.631149,14
1582992326.743642,15
1582992326.854607,15
1582992326.965111,15
1582992327.075433,15
1582992327.194229,15
1582992327.305332,16
1582992327.414724,16
1582992327.527432,19
1582992327.637207,18
1582992327.748603,17
1582992327.859899,15
1582992327.972622,13
1582992328.083428,9
1582992328.193379,7
1582992328.302753,8
1582992328.415187,7
1582992328.526427,10
1582992328.639920,10
1582992328.751568,10
1582992328.865452,9
1582992328.976267,8
1582992329.090078,8
1582992329.201285,9
1582992329.311430,10
1582992329.422540,9
1582992329.533617,9
1582992329.644853,9
1582992329.756894,9
1582992329.867949,11
1582992329.980120,11
1582992330.092222,11
1582992330.204561,11
1582992330.316135,11
1582992330.426986,11
1582992330.537695,10
1582992330.648537,12
1582992330.759604,12
1582992330.870541,11
1582992330.982730,11
1582992331.093326,11
1582992331.204606,12
1582992331.315775,12
1582992331.426466,13
1582992331.537640,13
1582992331.655407,13
1582992331.768041,14
1582992331.880240,13
1582992331.991536,19
1582992332.103505,17
1582992332.214187,13
1582992332.323702,13
1582992332.436115,8
1582992332.547073,6
1582992332.659879,6
1582992332.773002,6
1582992332.884428,7
1582992332.997722,7
1582992333.109794,8
1582992333.221560,7
1582992333.333175,7
1582992333.445719,8
1582992333.556751,9
1582992333.667602,8
1582992333.779141,8
1582992333.889798,9
1582992334.001229,8
1582992334.113933,9
1582992334.224632,9
1582992334.336884,9
1582992334.448690,10
1582992334.559210,10
1582992334.671076,10
1582992334.783179,10
1582992334.893570,11
1582992335.005532,11
1582992335.116293,10
1582992335.228329,11
1582992335.338147,11
1582992335.450753,17
1582992335.561247,18
1582992335.673476,13
1582992335.783198,13
1582992335.894518,12
1582992336.005842,12
1582992336.117706,12
1582992336.229423,12
1582992336.340405,12
1582992336.452501,12
1582992336.562322,13
1582992336.673518,13
1582992336.786563,13
1582992336.896708,12
1582992337.008504,13
1582992337.118791,13
1582992337.229731,13
1582992337.340501,14
1582992337.453413,14
1582992337.565621,14
1582992337.676474,14
1582992337.788934,14
1582992337.900446,14
1582992338.011614,14
1582992338.122411,14
1582992338.232811,15
1582992338.343985,15
1582992338.456553,15
1582992338.568965,15
1582992338.681996,16
1582992338.792842,16
1582992338.904088,15
1582992339.015285,20
1582992339.127140,18
1582992339.238674,14
1582992339.351275,13
1582992339.463607,12
1582992339.574301,7
1582992339.684740,7
1582992339.795694,8
1582992339.907434,7
1582992340.019978,10
1582992340.131371,10
1582992340.243241,8
1582992340.353642,9
1582992340.465057,8
1582992340.577517,8
1582992340.688856,9
1582992340.801263,9
1582992340.911929,9
1582992341.023134,9
1582992341.133253,9
1582992341.244528,10
1582992341.355001,11
1582992341.467379,11
1582992341.579840,11
1582992341.691953,11
1582992341.804210,10
1582992341.914754,10
1582992342.025946,10
1582992342.136144,11
1582992342.246851,11
1582992342.358982,11
1582992342.469809,12
1582992342.582733,12
1582992342.693034,12
1582992342.803456,12
1582992342.915091,13
1582992343.025476,13
1582992343.138078,14
1582992343.250272,14
1582992343.362377,19
1582992343.475082,20
1582992343.586765,13
1582992343.699015,13
1582992343.814452,11
1582992343.924547,6
1582992344.034898,5
1582992344.145129,6
1582992344.255077,7
1582992344.367224,7
1582992344.477843,7
1582992344.589491,7
1582992344.701637,7
1582992344.812229,9
1582992344.925073,9
1582992345.035054,9
1582992345.146029,8
1582992345.257258,8
1582992345.368088,8
1582992345.481342,9
1582992345.592608,10
1582992345.704881,9
1582992345.816814,9
1582992345.926716,10
1582992346.037550,10
1582992346.150205,11
1582992346.260441,10
1582992346.372945,11
1582992346.483811,11
1582992346.601120,10
1582992346.716054,11
1582992346.827174,10
1582992346.939089,19
1582992347.050573,13
1582992347.161651,14
1582992347.275600,12
1582992347.387507,12
1582992347.497297,12
1582992347.610159,12
1582992347.722946,11
1582992347.834962,12
1582992347.947577,12
1582992348.056572,13
1582992348.167556,13
1582992348.278675,13
1582992348.389225,13
1582992348.502340,13
1582992348.616282,13
1582992348.726812,14
1582992348.838102,14
1582992348.948937,14
1582992349.059705,14
1582992349.169692,14
1582992349.280851,14
1582992349.391770,14
1582992349.502490,14
1582992349.614803,14
1582992349.727205,15
1582992349.839255,15
1582992349.949295,15
1582992350.067160,15
1582992350.182733,16
1582992350.294059,18
1582992350.403817,20
1582992350.516632,19
1582992350.627367,17
1582992350.740070,16
1582992350.850921,13
1582992350.961708,8
1582992351.073030,7
1582992351.185468,8
1582992351.296708,8
1582992351.407543,11
1582992351.518291,10
1582992351.631092,10
1582992351.746423,8
1582992351.857961,8
1582992351.970062,8
1582992352.081753,9
1582992352.193428,9
1582992352.306225,10
1582992352.418467,10
1582992352.529176,11
1582992352.639742,10
1582992352.750231,10
1582992352.862464,11
1582992352.973654,10
1582992353.086539,10
1582992353.196500,10
1582992353.309333,10
1582992353.420394,10
1582992353.531600,12
1582992353.642145,12
1582992353.753536,12
1582992353.865156,12
1582992353.978109,12
1582992354.089962,13
1582992354.199621,12
1582992354.311759,13
1582992354.424022,12
1582992354.537258,13
1582992354.648772,13
1582992354.762501,12
1582992354.874361,19
1582992354.985467,17
1582992355.095551,14
1582992355.206591,12
1582992355.317510,6
1582992355.427874,6
1582992355.540231,6
1582992355.650334,6
1582992355.760152,7
1582992355.871552,8
1582992355.983448,7
1582992356.094093,7
1582992356.204949,7
1582992356.315376,8
1582992356.427496,8
1582992356.539135,8
1582992356.649891,8
1582992356.760750,9
1582992356.872626,8
1582992356.985092,9
1582992357.095868,10
1582992357.208010,10
1582992357.320023,10
1582992357.431155,9
1582992357.541160,9
1582992357.652221,10
1582992357.763075,10
1582992357.875927,10
1582992357.988286,10
1582992358.101053,11
1582992358.212335,12
1582992358.324190,18
1582992358.435218,17
1582992358.546674,13
1582992358.667681,13
1582992358.780028,12
1582992358.891323,12
1582992359.003641,11
1582992359.114518,11
1582992359.228911,12
1582992359.341696,12
1582992359.453019,13
1582992359.563936,13
1582992359.676234,13
1582992359.787775,13
1582992359.898316,13
1582992360.010358,13
1582992360.125697,14
1582992360.238091,14
1582992360.348141,14
1582992360.458914,13
1582992360.571433,14
1582992360.684166,14
1582992360.793362,14
1582992360.903544,14
1582992361.015884,14
1582992361.129462,15
1582992361.242029,15
1582992361.351566,15
1582992361.463246,15
1582992361.575305,18
1582992361.685634,17
1582992361.796437,20
1582992361.908924,18
1582992362.021846,16
1582992362.133921,13
1582992362.245011,12
1582992362.355757,11
1582992362.467723,7
1582992362.579843,8
1582992362.693002,7
1582992362.804297,10
1582992362.919673,8
1582992363.030674,10
1582992363.146243,8
1582992363.257038,9
1582992363.368486,8
1582992363.479804,9
1582992363.591928,10
1582992363.702292,10
1582992363.814461,10
1582992363.926919,9
1582992364.039269,9
1582992364.150866,9
1582992364.262642,10
1582992364.374436,10
1582992364.486682,10
1582992364.598286,11
1582992364.710749,11
1582992364.823909,11
1582992364.934550,12
1582992365.048335,12
1582992365.159631,12
1582992365.271151,13
1582992365.382385,12
1582992365.492846,11
1582992365.603332,11
1582992365.714693,11
1582992365.825635,12
1582992365.936366,14
1582992366.049201,14
1582992366.160538,13
1582992366.272341,19
1582992366.384154,17
1582992366.495179,13
1582992366.606152,12
1582992366.716849,6
1582992366.828896,6
1582992366.941110,5
1582992367.051189,6
1582992367.163704,8
1582992367.274917,7
1582992367.386937,7
1582992367.498974,7
1582992367.609964,7
1582992367.720635,8
1582992367.835122,8
1582992367.946210,8
1582992368.057476,9
1582992368.170486,10
1582992368.281463,10
1582992368.394501,9
1582992368.506494,10
1582992368.617494,9
1582992368.728498,2
1582992368.839814,0
1582992368.951789,0
1582992369.063022,0
1582992369.174178,1
1582992369.285855,0
1582992369.395751,0
