1582992373.644125,0
1582992373.755178,7
1582992373.867688,14
1582992373.982206,25
1582992374.092754,32
1582992374.203268,38
1582992374.314855,44
1582992374.425801,52
1582992374.538271,58
1582992374.648832,66
1582992374.759411,74
1582992374.872212,80
1582992374.985812,92
1582992375.097298,99
1582992375.208248,99
1582992375.318627,99
1582992375.430862,99
1582992375.541405,100
1582992375.653055,99
1582992375.766739,99
1582992375.876922,100
1582992375.988953,98
1582992376.100181,99
1582992376.212353,99
1582992376.323426,99
1582992376.434524,99
1582992376.550832,98
1582992376.661364,97
1582992376.776357,98
1582992376.889819,97
1582992377.007357,97
1582992377.122493,98
1582992377.235015,98
1582992377.353222,99
1582992377.464728,99
1582992377.577022,100
1582992377.689010,99
1582992377.799064,99
1582992377.908157,100
1582992378.020405,96
1582992378.131507,96
1582992378.243005,96
1582992378.354815,94
1582992378.466468,92
1582992378.581555,91
1582992378.692885,95
1582992378.805933,99
1582992378.917511,100
1582992379.033928,100
1582992379.153636,100
1582992379.266642,100
1582992379.378159,99
1582992379.489301,98
1582992379.601594,99
1582992379.711626,97
1582992379.823021,99
1582992379.935329,99
1582992380.046434,100
1582992380.157666,99
1582992380.270045,98
1582992380.383686,94
1582992380.497448,80
1582992380.611290,66
1582992380.723241,52
1582992380.834662,39
1582992380.945696,45
1582992381.060328,61
1582992381.171440,67
1582992381.286390,52
1582992381.398189,46
1582992381.510640,47
1582992381.622808,49
1582992381.734468,48
1582992381.845713,48
1582992381.957896,49
1582992382.068896,49
1582992382.180801,50
1582992382.293505,49
1582992382.405237,49
1582992382.516850,49
1582992382.629184,49
1582992382.742021,51
1582992382.853636,50
1582992382.964852,50
1582992383.078917,51
1582992383.192114,52
1582992383.302392,52
1582992383.413881,53
1582992383.525431,52
1582992383.636809,53
1582992383.748093,51
1582992383.858925,49
1582992383.970313,49
1582992384.081195,49
1582992384.193497,49
1582992384.304851,50
1582992384.415254,50
1582992384.528900,50
1582992384.641131,50
1582992384.750242,50
1582992384.861708,50
1582992384.973095,50
1582992385.083295,50
1582992385.194605,51
1582992385.304865,51
1582992385.416168,51
1582992385.527449,52
1582992385.638226,51
1582992385.749364,51
1582992385.859515,52
1582992385.972604,51
1582992386.084880,57
1582992386.197054,57
1582992386.308465,58
1582992386.421543,58
1582992386.534398,59
1582992386.645243,58
1582992386.755382,57
1582992386.867413,53
1582992386.978071,53
1582992387.090164,53
1582992387.199871,53
1582992387.310871,53
1582992387.422054,52
1582992387.532326,52
1582992387.643753,51
1582992387.754804,52
1582992387.866469,52
1582992387.976930,51
1582992388.088839,51
1582992388.202342,51
1582992388.314863,51
1582992388.427553,51
1582992388.538039,51
1582992388.648661,51
1582992388.760144,53
1582992388.872425,52
1582992388.982363,51
1582992389.093984,51
1582992389.204981,51
1582992389.315749,51
1582992389.428454,52
1582992389.539941,53
1582992389.651526,52
1582992389.762565,53
1582992389.873079,54
1582992389.984161,53
1582992390.094080,54
1582992390.204615,54
1582992390.316624,53
1582992390.428729,53
1582992390.539758,53
1582992390.649881,59
1582992390.762086,59
1582992390.874469,60
1582992390.986902,60
1582992391.100889,59
1582992391.213315,59
1582992391.323604,59
1582992391.437180,54
1582992391.548475,54
1582992391.663614,53
1582992391.774406,54
1582992391.887037,55
1582992392.000081,54
1582992392.110999,54
1582992392.222564,53
1582992392.334529,52
1582992392.446321,52
1582992392.557347,53
1582992392.668643,53
1582992392.779962,53
1582992392.891948,53
1582992393.002168,54
1582992393.113263,54
1582992393.226771,54
1582992393.338011,54
1582992393.451167,53
1582992393.564991,53
1582992393.677832,53
1582992393.790888,53
1582992393.905279,54
1582992394.016790,54
1582992394.128599,55
1582992394.241282,54
1582992394.354072,54
1582992394.467802,53
1582992394.580083,54
1582992394.692122,54
1582992394.802472,54
1582992394.915392,55
1582992395.027717,55
1582992395.139808,55
1582992395.252070,54
1582992395.363062,61
1582992395.476197,60
1582992395.588053,60
1582992395.699430,60
1582992395.810402,61
1582992395.921961,62
1582992396.032349,60
1582992396.143944,56
1582992396.255388,56
1582992396.367593,56
1582992396.478573,56
1582992396.589874,57
1582992396.701100,56
1582992396.811207,56
1582992396.921868,54
1582992397.032770,55
1582992397.144307,55
1582992397.255532,55
1582992397.366655,55
1582992397.477476,55
1582992397.588897,55
1582992397.700411,54
1582992397.813083,54
1582992397.926423,54
1582992398.037975,54
1582992398.148755,56
1582992398.260338,55
1582992398.373521,55
1582992398.486021,55
1582992398.596969,55
1582992398.709810,55
1582992398.820797,54
1582992398.931021,54
1582992399.042695,55
1582992399.153381,56
1582992399.263805,56
1582992399.375891,57
1582992399.487077,57
1582992399.599144,57
1582992399.710405,57
1582992399.821214,57
1582992399.932250,57
1582992400.043078,63
1582992400.153311,63
1582992400.265387,62
1582992400.376416,62
1582992400.487958,62
1582992400.599537,63
1582992400.712460,63
1582992400.822698,59
1582992400.936274,58
1582992401.053961,57
1582992401.164603,57
1582992401.276619,57
1582992401.386915,57
1582992401.498196,57
1582992401.609655,57
1582992401.720678,56
1582992401.831352,55
1582992401.943244,56
1582992402.055806,56
1582992402.165454,56
1582992402.277516,56
1582992402.391264,57
1582992402.502530,57
1582992402.614029,57
1582992402.725727,57
1582992402.837115,56
1582992402.949053,56
1582992403.061049,58
1582992403.171784,57
1582992403.283239,57
1582992403.393912,57
1582992403.504299,57
1582992403.614841,57
1582992403.724825,57
1582992403.844729,57
1582992403.959741,58
1582992404.071079,58
1582992404.182199,58
1582992404.292906,58
1582992404.402629,58
1582992404.513269,58
1582992404.623337,58
1582992404.733366,65
1582992404.843819,64
1582992404.955169,64
1582992405.065163,64
1582992405.175233,64
1582992405.286153,65
1582992405.397191,64
1582992405.509200,64
1582992405.621286,59
1582992405.733481,60
1582992405.845562,59
1582992405.955886,59
1582992406.067706,59
1582992406.182121,59
1582992406.295120,60
1582992406.407204,60
1582992406.518940,58
1582992406.631622,58
1582992406.741875,58
1582992406.852432,58
1582992406.963254,58
1582992407.074534,58
1582992407.187181,58
1582992407.300025,59
1582992407.413265,58
1582992407.524630,58
1582992407.636738,58
1582992407.750682,58
1582992407.860451,59
1582992407.971524,58
1582992408.083697,58
1582992408.195681,58
1582992408.307507,59
1582992408.418393,58
1582992408.529690,58
1582992408.643079,59
1582992408.755037,59
1582992408.865651,59
1582992408.977283,59
1582992409.092105,59
1582992409.202854,60
1582992409.313948,61
1582992409.424213,60
1582992409.536131,66
1582992409.650985,66
1582992409.764866,66
1582992409.877533,66
1582992409.989191,66
1582992410.100596,67
1582992410.210962,66
1582992410.323338,67
1582992410.434545,61
1582992410.545695,61
1582992410.657039,61
1582992410.768021,61
1582992410.879948,61
1582992410.992134,61
1582992411.102465,61
1582992411.213597,62
1582992411.323945,59
1582992411.435930,60
1582992411.547831,60
1582992411.659591,60
1582992411.771176,59
1582992411.884256,59
1582992411.995602,58
1582992412.106695,59
1582992412.219363,59
1582992412.329963,59
1582992412.441280,59
1582992412.554738,60
1582992412.664944,60
1582992412.778003,60
1582992412.889323,60
1582992412.998981,60
1582992413.111247,60
1582992413.222429,60
1582992413.334953,60
1582992413.446764,60
1582992413.558879,62
1582992413.671621,62
1582992413.782931,62
1582992413.895085,61
1582992414.007360,62
1582992414.118561,61
1582992414.229932,61
1582992414.343191,60
1582992414.455319,67
1582992414.565817,67
1582992414.677959,68
1582992414.789284,68
1582992414.902693,68
1582992415.013511,68
1582992415.124326,67
1582992415.236209,66
1582992415.347914,62
1582992415.460243,62
1582992415.570919,62
1582992415.681070,61
1582992415.792510,62
1582992415.903495,62
1582992416.015877,61
1582992416.127516,62
1582992416.240177,60
1582992416.349531,60
1582992416.461275,61
1582992416.571886,61
1582992416.682525,61
1582992416.793059,61
1582992416.904345,62
1582992417.016809,62
1582992417.128313,62
1582992417.241125,62
1582992417.352344,62
1582992417.465451,61
1582992417.577532,61
1582992417.687991,61
1582992417.799075,61
1582992417.909830,61
1582992418.022997,62
1582992418.134440,62
1582992418.247322,62
1582992418.359682,63
1582992418.472393,63
1582992418.584353,62
1582992418.695343,62
1582992418.805394,62
1582992418.917258,62
1582992419.029539,62
1582992419.142590,63
1582992419.253278,69
1582992419.364600,69
1582992419.476313,69
1582992419.588527,68
1582992419.700134,69
1582992419.811532,68
1582992419.922299,68
1582992420.032806,69
1582992420.143455,67
1582992420.254246,64
1582992420.364416,64
1582992420.477591,64
1582992420.591190,64
1582992420.702696,64
1582992420.814193,64
1582992420.925744,64
1582992421.039217,64
1582992421.149462,63
1582992421.262213,62
1582992421.375032,63
1582992421.487066,63
1582992421.596965,63
1582992421.708904,63
1582992421.820982,63
1582992421.933125,63
1582992422.045459,63
1582992422.158201,63
1582992422.268461,62
1582992422.381660,62
1582992422.491647,64
1582992422.603407,63
1582992422.714950,63
1582992422.824912,63
1582992422.935956,63
1582992423.045719,63
1582992423.158305,63
1582992423.270419,63
1582992423.382880,63
1582992423.494043,62
1582992423.604551,64
1582992423.716456,64
1582992423.827530,65
1582992423.939002,65
1582992424.051984,65
1582992424.163220,71
1582992424.276512,70
1582992424.387973,71
1582992424.501566,70
1582992424.612334,70
1582992424.724812,70
1582992424.835200,70
1582992424.948621,70
1582992425.060649,69
1582992425.173639,66
1582992425.286492,65
1582992425.396365,65
1582992425.509420,65
1582992425.622813,65
1582992425.735418,65
1582992425.848891,65
1582992425.959897,66
1582992426.072285,64
1582992426.183369,64
1582992426.294754,64
1582992426.408200,64
1582992426.519591,64
1582992426.631978,64
1582992426.745267,64
1582992426.856002,64
1582992426.968596,64
1582992427.081173,64
1582992427.194611,64
1582992427.305499,64
1582992427.417647,64
1582992427.531279,65
1582992427.643804,64
1582992427.754888,65
1582992427.867053,65
1582992427.979283,65
1582992428.092032,65
1582992428.203147,66
1582992428.315595,66
1582992428.427657,66
1582992428.539286,66
1582992428.650700,65
1582992428.761792,66
1582992428.872422,66
1582992428.984343,66
1582992429.097503,66
1582992429.207963,72
1582992429.320360,72
1582992429.431587,71
1582992429.542626,72
1582992429.653797,72
1582992429.765285,72
1582992429.877455,72
1582992429.988062,72
1582992430.098346,68
1582992430.208383,67
1582992430.319069,67
1582992430.430541,67
1582992430.540879,67
1582992430.652567,67
1582992430.764779,67
1582992430.875553,66
1582992430.988262,66
1582992431.098546,64
1582992431.208446,65
1582992431.320827,65
1582992431.433466,67
1582992431.545074,66
1582992431.656545,66
1582992431.769523,66
1582992431.884111,66
1582992431.995047,66
1582992432.106817,66
1582992432.219670,66
1582992432.332362,66
1582992432.444701,67
1582992432.557056,67
1582992432.669089,67
1582992432.780525,66
1582992432.890593,66
1582992433.002864,66
1582992433.128280,67
1582992433.239149,67
1582992433.349494,68
1582992433.461921,68
1582992433.573037,68
1582992433.685860,67
1582992433.797716,67
1582992433.908820,67
1582992434.021908,67
1582992434.133880,67
1582992434.247538,73
1582992434.359668,73
1582992434.471134,75
1582992434.583909,74
1582992434.695935,73
1582992434.807218,73
1582992434.915881,73
1582992435.026646,73
1582992435.138760,68
1582992435.250903,67
1582992435.367350,68
1582992435.478627,69
1582992435.590680,69
1582992435.704346,69
1582992435.816397,69
1582992435.927598,69
1582992436.040051,70
1582992436.151431,67
1582992436.261935,67
1582992436.375835,67
1582992436.486341,67
1582992436.597880,68
1582992436.709251,68
1582992436.821699,67
1582992436.931826,68
1582992437.041977,67
1582992437.153655,67
1582992437.264048,67
1582992437.374635,67
1582992437.486307,66
1582992437.598015,68
1582992437.710016,68
1582992437.820497,68
1582992437.931214,68
1582992438.042468,67
1582992438.156110,67
1582992438.269428,68
1582992438.379947,68
1582992438.490889,69
1582992438.601511,68
1582992438.713756,69
1582992438.824186,69
1582992438.936218,69
1582992439.048468,68
1582992439.158999,68
1582992439.275616,74
1582992439.390091,75
1582992439.502024,75
1582992439.614876,76
1582992439.726224,76
1582992439.840244,76
1582992439.953388,75
1582992440.065857,76
1582992440.178395,70
1582992440.290536,70
1582992440.405891,70
1582992440.519410,70
1582992440.630885,70
1582992440.741928,70
1582992440.853619,70
1582992440.965474,70
1582992441.076437,70
1582992441.188018,69
1582992441.300398,68
1582992441.411276,68
1582992441.522052,68
1582992441.634762,68
1582992441.744830,68
1582992441.855953,68
1582992441.967858,69
1582992442.079000,69
1582992442.192021,69
1582992442.304523,68
1582992442.417313,68
1582992442.528910,69
1582992442.640607,68
1582992442.751270,68
1582992442.863754,68
1582992442.977020,69
1582992443.089893,69
1582992443.201704,69
1582992443.311299,70
1582992443.422294,71
1582992443.534990,70
1582992443.646546,70
1582992443.758806,70
1582992443.871281,70
1582992443.982564,70
1582992444.096950,71
1582992444.209212,70
1582992444.322400,74
1582992444.432708,74
1582992444.544379,74
1582992444.656925,75
1582992444.769047,73
1582992444.880931,73
1582992444.993420,73
1582992445.106139,73
1582992445.217533,70
1582992445.328300,71
1582992445.441363,71
1582992445.552758,71
1582992445.663009,71
1582992445.778255,71
1582992445.889454,71
1582992446.000780,71
1582992446.113373,70
1582992446.226581,70
1582992446.338839,71
1582992446.450966,71
1582992446.562483,71
1582992446.673497,72
1582992446.784231,72
1582992446.896076,73
1582992447.007078,72
1582992447.119684,72
1582992447.229829,72
1582992447.343372,72
1582992447.454501,72
1582992447.565393,73
1582992447.677939,72
1582992447.790637,72
1582992447.902150,74
1582992448.014354,72
1582992448.125259,73
1582992448.236925,73
1582992448.348485,72
1582992448.460771,72
1582992448.572120,72
1582992448.682666,72
1582992448.793926,72
1582992448.903834,73
1582992449.015050,73
1582992449.126355,72
1582992449.239499,72
1582992449.350652,71
1582992449.460736,71
1582992449.572319,71
1582992449.684084,71
1582992449.795320,71
1582992449.909527,71
1582992450.020333,71
1582992450.131821,71
1582992450.242776,71
1582992450.354008,71
1582992450.465261,71
1582992450.579769,71
1582992450.693712,71
1582992450.805355,71
1582992450.917852,71
1582992451.028958,71
1582992451.140079,71
1582992451.251290,71
1582992451.363584,72
1582992451.475330,72
1582992451.586610,72
1582992451.697568,73
1582992451.808016,74
1582992451.919021,73
1582992452.031323,73
1582992452.142367,73
1582992452.253645,72
1582992452.367140,73
1582992452.478287,80
1582992452.590461,80
1582992452.703170,80
1582992452.814056,81
1582992452.925148,80
1582992453.036478,80
1582992453.148733,80
1582992453.260229,80
1582992453.372046,79
1582992453.484207,73
1582992453.596055,74
1582992453.708420,74
1582992453.820129,74
1582992453.931303,73
1582992454.042432,74
1582992454.153867,73
1582992454.266153,73
1582992454.377065,73
1582992454.487929,73
1582992454.601404,72
1582992454.712162,72
1582992454.823007,72
1582992454.933303,72
1582992455.043499,72
1582992455.154058,72
1582992455.264584,72
1582992455.374977,73
1582992455.486305,72
1582992455.599112,73
1582992455.711139,73
1582992455.822264,72
1582992455.934824,73
1582992456.045988,73
1582992456.160775,73
1582992456.273320,73
1582992456.383834,73
1582992456.495293,73
1582992456.605999,75
1582992456.717959,75
1582992456.827754,74
1582992456.939076,74
1582992457.049819,74
1582992457.161546,74
1582992457.274068,74
1582992457.385841,75
1582992457.497079,74
1582992457.609330,81
1582992457.720835,82
1582992457.832440,82
1582992457.943554,81
1582992458.056276,81
1582992458.169060,81
1582992458.281960,81
1582992458.392216,81
1582992458.505160,81
1582992458.617228,79
1582992458.729021,75
1582992458.839184,75
1582992458.951185,75
1582992459.063458,75
1582992459.174394,75
1582992459.285592,75
1582992459.397112,75
1582992459.509974,74
1582992459.621785,75
1582992459.733305,75
1582992459.844775,74
1582992459.955818,73
1582992460.067979,73
1582992460.179080,73
1582992460.290197,74
1582992460.401424,75
1582992460.512599,74
1582992460.623924,74
1582992460.734606,75
1582992460.846942,75
1582992460.958397,75
1582992461.069872,74
1582992461.182580,74
1582992461.294340,75
1582992461.405029,74
1582992461.517396,74
1582992461.629148,74
1582992461.740439,75
1582992461.852873,76
1582992461.965955,76
1582992462.076900,76
1582992462.187585,75
1582992462.299513,75
1582992462.411196,75
1582992462.523041,75
1582992462.635159,75
1582992462.747379,76
1582992462.860552,83
1582992462.971736,83
1582992463.084642,83
1582992463.197272,82
1582992463.308833,82
1582992463.420981,83
1582992463.532482,82
1582992463.642813,82
1582992463.753143,82
1582992463.866485,80
1582992463.977496,76
1582992464.089413,76
1582992464.200289,76
1582992464.311217,76
1582992464.423395,76
1582992464.533662,76
1582992464.644197,77
1582992464.754650,77
1582992464.865010,77
1582992464.975397,76
1582992465.086764,76
1582992465.198694,76
1582992465.309416,76
1582992465.422187,76
1582992465.535367,75
1582992465.646737,75
1582992465.756824,75
1582992465.869339,75
1582992465.980413,76
1582992466.091063,75
1582992466.203554,76
1582992466.317775,76
1582992466.429782,76
1582992466.540418,76
1582992466.651730,75
1582992466.763056,75
1582992466.874050,75
1582992466.984322,76
1582992467.095421,76
1582992467.206913,77
1582992467.318555,77
1582992467.430132,77
1582992467.542112,77
1582992467.653181,77
1582992467.764902,77
1582992467.879186,77
1582992467.992895,78
1582992468.105665,83
1582992468.216279,83
1582992468.327627,84
1582992468.439326,84
1582992468.551955,84
1582992468.663433,84
1582992468.780419,83
1582992468.891721,83
1582992469.010584,83
1582992469.127937,84
1582992469.244782,78
1582992469.357335,78
1582992469.471176,78
1582992469.582076,78
1582992469.694914,78
1582992469.806584,78
1582992469.916607,78
1582992470.029986,78
1582992470.141146,78
1582992470.253144,79
1582992470.363583,77
1582992470.476867,77
1582992470.587691,77
1582992470.700643,77
1582992470.812475,78
1582992470.923362,77
1582992471.037703,76
1582992471.152938,77
1582992471.265215,76
1582992471.376870,76
1582992471.487053,77
1582992471.598259,77
1582992471.709298,77
1582992471.819514,77
1582992471.931148,78
1582992472.043094,77
1582992472.156786,77
1582992472.267623,77
1582992472.379730,77
1582992472.490855,77
1582992472.602285,77
1582992472.713222,79
1582992472.824756,78
1582992472.936654,78
1582992473.049470,78
1582992473.160166,78
1582992473.272518,79
1582992473.384022,84
1582992473.495580,84
1582992473.607027,85
1582992473.716653,85
1582992473.828820,85
1582992473.940703,86
1582992474.052906,86
1582992474.163516,86
1582992474.275681,86
1582992474.387368,85
1582992474.499188,82
1582992474.610503,79
1582992474.721689,79
1582992474.832432,80
1582992474.943041,79
1582992475.053942,79
1582992475.165405,80
1582992475.277495,80
1582992475.387856,80
1582992475.500331,79
1582992475.613001,79
1582992475.727328,78
1582992475.839214,79
1582992475.949113,78
1582992476.074677,78
1582992476.202652,78
1582992476.314811,78
1582992476.426445,78
1582992476.536912,79
1582992476.648977,78
1582992476.760796,78
1582992476.872231,77
1582992476.984368,78
1582992477.096278,78
1582992477.207354,78
1582992477.320776,78
1582992477.433440,78
1582992477.551967,78
1582992477.664574,79
1582992477.777389,78
1582992477.889393,78
1582992478.001150,79
1582992478.112836,80
1582992478.224910,80
1582992478.336070,80
1582992478.447182,80
1582992478.559922,80
1582992478.674556,81
1582992478.852984,87
1582992478.964339,87
1582992479.075249,87
1582992479.186372,86
1582992479.296416,88
1582992479.407396,88
1582992479.520562,87
1582992479.633266,87
1582992479.744832,86
1582992479.857089,85
1582992479.969237,81
1582992480.079525,80
1582992480.192077,80
1582992480.304584,80
1582992480.415467,80
1582992480.528381,81
1582992480.641170,81
1582992480.751836,82
1582992480.863396,81
1582992480.973799,81
1582992481.087816,79
1582992481.198740,79
1582992481.310304,79
1582992481.421735,79
1582992481.533279,80
1582992481.643151,79
1582992481.753256,79
1582992481.866090,79
1582992481.976670,79
1582992482.088937,79
1582992482.200939,79
1582992482.314739,79
1582992482.427328,79
1582992482.538170,79
1582992482.651429,79
1582992482.763446,79
1582992482.875542,80
1582992482.986748,81
1582992483.100188,81
1582992483.211973,81
1582992483.321821,81
1582992483.434435,81
1582992483.545131,81
1582992483.658304,83
1582992483.771061,81
1582992483.884569,82
1582992483.995601,82
1582992484.107812,81
1582992484.222777,88
1582992484.333988,88
1582992484.445405,88
1582992484.557928,88
1582992484.669320,89
1582992484.781427,88
1582992484.892395,88
1582992485.003569,88
1582992485.113821,87
1582992485.226168,87
1582992485.336238,82
1582992485.447266,81
1582992485.566319,81
1582992485.679904,81
1582992485.792209,82
1582992485.904668,82
1582992486.015538,82
1582992486.126694,82
1582992486.237688,82
1582992486.349667,81
1582992486.462272,81
1582992486.575522,80
1582992486.687798,80
1582992486.801258,81
1582992486.914914,82
1582992487.025291,81
1582992487.135855,80
1582992487.246860,80
1582992487.358178,80
1582992487.469299,80
1582992487.580499,81
1582992487.691593,81
1582992487.804352,81
1582992487.916101,82
1582992488.027774,82
1582992488.138815,81
1582992488.251165,81
1582992488.364770,81
1582992488.477363,82
1582992488.589952,82
1582992488.701494,83
1582992488.813226,82
1582992488.926290,83
1582992489.038116,83
1582992489.149189,83
1582992489.260761,82
1582992489.373273,83
1582992489.487101,83
1582992489.598790,89
1582992489.708473,90
1582992489.819274,89
1582992489.931204,90
1582992490.042152,90
1582992490.153662,90
1582992490.264225,89
1582992490.375212,89
1582992490.485956,89
1582992490.595616,88
1582992490.705502,86
1582992490.816913,83
1582992490.927239,83
1582992491.039933,83
1582992491.152817,83
1582992491.264185,83
1582992491.375932,83
1582992491.486397,84
1582992491.598104,83
1582992491.709905,83
1582992491.820175,83
1582992491.931750,81
1582992492.044036,82
1582992492.156054,82
1582992492.267760,82
1582992492.379964,83
1582992492.490611,82
1582992492.601732,82
1582992492.714645,82
1582992492.828602,82
1582992492.938470,82
1582992493.052059,82
1582992493.163313,83
1582992493.275146,84
1582992493.385478,83
1582992493.496970,83
1582992493.607405,82
1582992493.717273,82
1582992493.828107,83
1582992493.938245,83
1582992494.048609,83
1582992494.159399,83
1582992494.269669,84
1582992494.382400,84
1582992494.492491,84
1582992494.603244,84
1582992494.714413,84
1582992494.826804,84
1582992494.938818,84
1582992495.050548,90
1582992495.162216,90
1582992495.275244,90
1582992495.387255,91
1582992495.498050,92
1582992495.611010,91
1582992495.721292,91
1582992495.832394,91
1582992495.943659,90
1582992496.055407,89
1582992496.167731,87
1582992496.280294,84
1582992496.392277,84
1582992496.504003,84
1582992496.615152,84
1582992496.726994,85
1582992496.838628,85
1582992496.948898,84
1582992497.059884,84
1582992497.172501,85
1582992497.284257,85
1582992497.395301,85
1582992497.505555,85
1582992497.616210,84
1582992497.728051,84
1582992497.840835,84
1582992497.952112,84
1582992498.066200,83
1582992498.178253,83
1582992498.288996,83
1582992498.401051,83
1582992498.512237,83
1582992498.623774,83
1582992498.734998,84
1582992498.846549,84
1582992498.957866,84
1582992499.070611,84
1582992499.181895,83
1582992499.295609,84
1582992499.408637,84
1582992499.520427,84
1582992499.632718,84
1582992499.746004,86
1582992499.857236,85
1582992499.969640,85
1582992500.081700,85
1582992500.193374,85
1582992500.304595,87
1582992500.415184,86
1582992500.527347,87
1582992500.638880,88
1582992500.750240,87
1582992500.860577,87
1582992500.972776,88
1582992501.083323,88
1582992501.216507,88
1582992501.326894,88
1582992501.438836,87
1582992501.550913,85
1582992501.662651,86
1582992501.775257,84
1582992501.885662,84
1582992501.998778,86
1582992502.108596,86
1582992502.219506,86
1582992502.330435,86
1582992502.442128,87
1582992502.553906,86
1582992502.664331,85
1582992502.775520,85
1582992502.886679,85
1582992502.998395,86
1582992503.110827,86
1582992503.222547,86
1582992503.334083,87
1582992503.446611,87
1582992503.557656,87
1582992503.670205,87
1582992503.781497,87
1582992503.894784,87
1582992504.006829,87
1582992504.118802,86
1582992504.230343,87
1582992504.341788,87
1582992504.453344,88
1582992504.564576,87
1582992504.675116,87
1582992504.785474,87
1582992504.895766,87
1582992505.006202,87
1582992505.117046,87
1582992505.228727,87
1582992505.341172,87
1582992505.453310,86
1582992505.566143,86
1582992505.678184,86
1582992505.788909,86
1582992505.901824,86
1582992506.014335,86
1582992506.124887,86
1582992506.237099,86
1582992506.350139,85
1582992506.462594,85
1582992506.575123,86
1582992506.685469,85
1582992506.796381,85
1582992506.909429,85
1582992507.023323,86
1582992507.133706,86
1582992507.248969,85
1582992507.361736,85
1582992507.472704,86
1582992507.584821,86
1582992507.695229,87
1582992507.807628,86
1582992507.918703,86
1582992508.029267,86
1582992508.139706,86
1582992508.249462,86
1582992508.360315,86
1582992508.472805,89
1582992508.583168,87
1582992508.694867,87
1582992508.809599,87
1582992508.920968,87
1582992509.032984,87
1582992509.146277,87
1582992509.256100,87
1582992509.367679,88
1582992509.480364,89
1582992509.593125,88
1582992509.704768,94
1582992509.815832,94
1582992509.926464,94
1582992510.038637,94
1582992510.149551,94
1582992510.260331,94
1582992510.372483,94
1582992510.484232,94
1582992510.595405,94
1582992510.706873,93
1582992510.818234,93
1582992510.930689,91
1582992511.042782,88
1582992511.152929,87
1582992511.267958,87
1582992511.378800,87
1582992511.488554,87
1582992511.601362,88
1582992511.713319,88
1582992511.825342,88
1582992511.935548,88
1582992512.047368,89
1582992512.161435,88
1582992512.272380,87
1582992512.385281,87
1582992512.496664,87
1582992512.607577,87
1582992512.720548,87
1582992512.832343,87
1582992512.943912,87
1582992513.056862,87
1582992513.169333,87
1582992513.281986,87
1582992513.394567,87
1582992513.506321,87
1582992513.617154,87
1582992513.728432,87
1582992513.838718,88
1582992513.951251,87
1582992514.063909,88
1582992514.175377,88
1582992514.286417,88
1582992514.398484,88
1582992514.509026,88
1582992514.622590,88
1582992514.736663,87
1582992514.849005,89
1582992514.959584,88
1582992515.072956,89
1582992515.184593,89
1582992515.295797,95
1582992515.409094,95
1582992515.520252,95
1582992515.633234,95
1582992515.745881,95
1582992515.858437,96
1582992515.970288,96
1582992516.082880,95
1582992516.193726,95
1582992516.305660,94
1582992516.417960,94
1582992516.528544,91
1582992516.639083,88
1582992516.754668,88
1582992516.866999,88
1582992516.979062,89
1582992517.089837,89
1582992517.202068,90
1582992517.312177,90
1582992517.422984,90
1582992517.534875,90
1582992517.644413,89
1582992517.756870,89
1582992517.868930,88
1582992517.980359,88
1582992518.093824,87
1582992518.203398,89
1582992518.316757,88
1582992518.428366,88
1582992518.540567,88
1582992518.652384,88
1582992518.764222,88
1582992518.878196,88
1582992518.990377,88
1582992519.102098,88
1582992519.213118,90
1582992519.326188,88
1582992519.437723,89
1582992519.548136,88
1582992519.660013,89
1582992519.773034,89
1582992519.885717,89
1582992519.997700,89
1582992520.109999,89
1582992520.222366,89
1582992520.333916,90
1582992520.444114,90
1582992520.556071,90
1582992520.667181,91
1582992520.778479,91
1582992520.889218,92
1582992521.001407,92
1582992521.112615,92
1582992521.225754,92
1582992521.335604,92
1582992521.447830,93
1582992521.559768,93
1582992521.670340,92
1582992521.783207,92
1582992521.893907,90
1582992522.004738,91
1582992522.120242,88
1582992522.231390,90
1582992522.342416,90
1582992522.453652,91
1582992522.566421,91
1582992522.678513,91
1582992522.789210,90
1582992522.901938,90
1582992523.015662,90
1582992523.126831,90
1582992523.239128,90
1582992523.349644,90
1582992523.459452,92
1582992523.569837,92
1582992523.681884,92
1582992523.792857,92
1582992523.905714,92
1582992524.016636,92
1582992524.128749,92
1582992524.240339,91
1582992524.353447,91
1582992524.465028,91
1582992524.578814,91
1582992524.691315,92
1582992524.804125,92
1582992524.915024,92
1582992525.025745,91
1582992525.136007,92
1582992525.248549,92
1582992525.360825,92
1582992525.473101,91
1582992525.584089,91
1582992525.697084,91
1582992525.808568,91
1582992525.918853,91
1582992526.030473,90
1582992526.141925,91
1582992526.257195,91
1582992526.368576,90
1582992526.479623,90
1582992526.591515,91
1582992526.702949,90
1582992526.813723,90
1582992526.924252,90
1582992527.034399,90
1582992527.147621,91
1582992527.260001,91
1582992527.372550,89
1582992527.484348,92
1582992527.596303,90
1582992527.708492,90
1582992527.819972,90
1582992527.930398,90
1582992528.040892,90
1582992528.153010,90
1582992528.265506,91
1582992528.377520,91
1582992528.489157,91
1582992528.600138,91
1582992528.710467,90
1582992528.820651,90
1582992528.931176,90
1582992529.042077,91
1582992529.152306,91
1582992529.264767,91
1582992529.380153,92
1582992529.494156,92
1582992529.606513,92
1582992529.717902,92
1582992529.828995,92
1582992529.939626,91
1582992530.050917,92
1582992530.163004,92
1582992530.274888,92
1582992530.385904,98
1582992530.497336,99
1582992530.609129,99
1582992530.719412,99
1582992530.831455,99
1582992530.943239,98
1582992531.053603,99
1582992531.164305,98
1582992531.276777,98
1582992531.388670,97
1582992531.501515,97
1582992531.612367,98
1582992531.724915,91
1582992531.837300,92
1582992531.951210,92
1582992532.063355,92
1582992532.175030,92
1582992532.287202,92
1582992532.399099,92
1582992532.510910,93
1582992532.622920,92
1582992532.733569,93
1582992532.843641,93
1582992532.955217,93
1582992533.067533,92
1582992533.177951,92
1582992533.291015,91
1582992533.404433,91
1582992533.517501,91
1582992533.627735,91
1582992533.739898,91
1582992533.851911,91
1582992533.963062,92
1582992534.074732,92
1582992534.186278,92
1582992534.298504,92
1582992534.408513,92
1582992534.521540,92
1582992534.635315,92
1582992534.746149,91
1582992534.857819,92
1582992534.968625,92
1582992535.080390,92
1582992535.195098,93
1582992535.307095,93
1582992535.417485,93
1582992535.528467,93
1582992535.639006,93
1582992535.750558,93
1582992535.861527,93
1582992535.972798,93
1582992536.083135,94
1582992536.193732,98
1582992536.305090,98
1582992536.416109,98
1582992536.528574,99
1582992536.640135,99
1582992536.752149,99
1582992536.864957,99
1582992536.976867,99
1582992537.088896,98
1582992537.204971,97
1582992537.318035,96
1582992537.431577,94
1582992537.542381,92
1582992537.654949,91
1582992537.766836,92
1582992537.879767,92
1582992537.992858,91
1582992538.106974,91
1582992538.217890,92
1582992538.328693,92
1582992538.440146,92
1582992538.551631,92
1582992538.662983,92
1582992538.774453,90
1582992538.886263,83
1582992538.997669,76
1582992539.110249,67
1582992539.220781,59
1582992539.334354,51
1582992539.447526,44
1582992539.560568,45
1582992539.672004,45
1582992539.783199,45
1582992539.895326,45
1582992540.006643,45
1582992540.116552,46
1582992540.227443,46
1582992540.341038,46
1582992540.465519,45
1582992540.576445,46
1582992540.688458,46
1582992540.798689,46
1582992540.908915,46
1582992541.022466,47
1582992541.134142,47
1582992541.246479,53
1582992541.359437,52
1582992541.470976,53
1582992541.583546,54
1582992541.694369,53
1582992541.804463,53
1582992541.916164,47
1582992542.027616,47
1582992542.138064,48
1582992542.248936,48
1582992542.360850,48
1582992542.471495,48
1582992542.583564,47
1582992542.694244,47
1582992542.804163,46
1582992542.917215,46
1582992543.028073,46
1582992543.141343,46
1582992543.253478,47
1582992543.364791,47
1582992543.477166,48
1582992543.589446,47
1582992543.701771,47
1582992543.813983,46
1582992543.925592,46
1582992544.038760,46
1582992544.151968,46
1582992544.263582,48
1582992544.376567,48
1582992544.489471,48
1582992544.601944,48
1582992544.713334,47
1582992544.827639,47
1582992544.940886,48
1582992545.053064,47
1582992545.164958,48
1582992545.275683,48
1582992545.388050,48
1582992545.500098,49
1582992545.611201,49
1582992545.722867,55
1582992545.832687,55
1582992545.943558,55
1582992546.054591,55
1582992546.166388,54
1582992546.277458,54
1582992546.389076,51
1582992546.500245,49
1582992546.611766,49
1582992546.723664,49
1582992546.835792,50
1582992546.945946,50
1582992547.057161,49
1582992547.169768,49
1582992547.281004,49
1582992547.392182,49
1582992547.503453,48
1582992547.614661,48
1582992547.725519,48
1582992547.836019,48
1582992547.946964,48
1582992548.059361,48
1582992548.172379,49
1582992548.283422,49
1582992548.395959,49
1582992548.506505,49
1582992548.617604,49
1582992548.728345,49
1582992548.839625,49
1582992548.951942,49
1582992549.062377,49
1582992549.173489,48
1582992549.283904,49
1582992549.395075,49
1582992549.507835,49
1582992549.620009,49
1582992549.732015,49
1582992549.844253,49
1582992549.956972,50
1582992550.067317,51
1582992550.179306,57
1582992550.291609,57
1582992550.404360,57
1582992550.516620,57
1582992550.629131,57
1582992550.742252,57
1582992550.852309,57
1582992550.963803,50
1582992551.075271,51
1582992551.186531,51
1582992551.298722,52
1582992551.410921,52
1582992551.521032,52
1582992551.633309,52
1582992551.744310,50
1582992551.855916,50
1582992551.967871,50
1582992552.078476,50
1582992552.191134,50
1582992552.301830,49
1582992552.414080,50
1582992552.526820,50
1582992552.638506,50
1582992552.751552,50
1582992552.863795,50
1582992552.974307,50
1582992553.085554,51
1582992553.197823,51
1582992553.308757,51
1582992553.421070,51
1582992553.531406,51
1582992553.642927,51
1582992553.754702,51
1582992553.864888,51
1582992553.977084,51
1582992554.090014,52
1582992554.201126,52
1582992554.313428,52
1582992554.424877,52
1582992554.537351,51
1582992554.649335,53
1582992554.759981,58
1582992554.873040,58
1582992554.985920,58
1582992555.098788,58
1582992555.210375,58
1582992555.321643,58
1582992555.434416,58
1582992555.548493,53
1582992555.660558,53
1582992555.775127,53
1582992555.888550,53
1582992556.000254,53
1582992556.113564,53
1582992556.227064,53
1582992556.338443,52
1582992556.450327,52
1582992556.560575,52
1582992556.671641,52
1582992556.782601,53
1582992556.895069,53
1582992557.005331,53
1582992557.116761,52
1582992557.228691,52
1582992557.339615,51
1582992557.450563,52
1582992557.560403,52
1582992557.672072,52
1582992557.782415,52
1582992557.892179,54
1582992558.003234,53
1582992558.114102,53
1582992558.226048,52
1582992558.336187,52
1582992558.448565,52
1582992558.564339,52
1582992558.676036,53
1582992558.788150,53
1582992558.900264,54
1582992559.011918,54
1582992559.123650,54
1582992559.234688,54
1582992559.347564,53
1582992559.460680,60
1582992559.573781,60
1582992559.686836,60
1582992559.799637,60
1582992559.911644,61
1582992560.024196,61
1582992560.136249,59
1582992560.247526,55
1582992560.359693,55
1582992560.472066,55
1582992560.584779,55
1582992560.697322,55
1582992560.809098,55
1582992560.921732,53
1582992561.035238,55
1582992561.147237,54
1582992561.258672,54
1582992561.369076,54
1582992561.481999,53
1582992561.594439,53
1582992561.704294,53
1582992561.815857,53
1582992561.926349,53
1582992562.039139,54
1582992562.151310,54
1582992562.261590,54
1582992562.372942,54
1582992562.484452,54
1582992562.595281,54
1582992562.705929,54
1582992562.819059,54
1582992562.930716,54
1582992563.042984,54
1582992563.153692,55
1582992563.265622,56
1582992563.376345,56
1582992563.487864,56
1582992563.600380,55
1582992563.712065,57
1582992563.823514,56
1582992563.933250,55
1582992564.045584,61
1582992564.155819,62
1582992564.267530,61
1582992564.378666,62
1582992564.491175,62
1582992564.602556,62
1582992564.715296,62
1582992564.827782,60
1582992564.940061,56
1582992565.052568,56
1582992565.163386,56
1582992565.275215,56
1582992565.386706,56
1582992565.497751,57
1582992565.609779,57
1582992565.722847,55
1582992565.834921,55
1582992565.945024,56
1582992566.055109,56
1582992566.168005,55
1582992566.280727,55
1582992566.391377,55
1582992566.504154,55
1582992566.615085,55
1582992566.726300,57
1582992566.838869,56
1582992566.951660,56
1582992567.063238,56
1582992567.176932,56
1582992567.289725,56
1582992567.401799,56
1582992567.514802,56
1582992567.626426,55
1582992567.737163,55
1582992567.849033,56
1582992567.961907,57
1582992568.073532,57
1582992568.184762,57
1582992568.296849,57
1582992568.408604,57
1582992568.517961,57
1582992568.630054,56
1582992568.743071,56
1582992568.855839,63
1582992568.966560,63
1582992569.079277,63
1582992569.189286,64
1582992569.299329,64
1582992569.413147,64
1582992569.525252,64
1582992569.636093,58
1582992569.748142,58
1582992569.859974,58
1582992569.972702,59
1582992570.084362,59
1582992570.195871,59
1582992570.306981,60
1582992570.421006,60
1582992570.532024,57
1582992570.644272,57
1582992570.756421,57
1582992570.869148,56
1582992570.982076,57
1582992571.095374,57
1582992571.205713,57
1582992571.318280,57
1582992571.428295,57
1582992571.541900,58
1582992571.654142,57
1582992571.764423,57
1582992571.876841,57
1582992571.987155,56
1582992572.098381,57
1582992572.212854,57
1582992572.324516,57
1582992572.435713,56
1582992572.549884,57
1582992572.661184,59
1582992572.772228,59
1582992572.882952,59
1582992572.993547,59
1582992573.105937,59
1582992573.216974,59
1582992573.329019,59
1582992573.440434,59
1582992573.553788,65
1582992573.666557,65
1582992573.777682,65
1582992573.889949,65
1582992574.002257,65
1582992574.112747,65
1582992574.225322,66
1582992574.337131,66
1582992574.448622,60
1582992574.559463,60
1582992574.670818,60
1582992574.782829,59
1582992574.895388,60
1582992575.009026,59
1582992575.121264,59
1582992575.233130,59
1582992575.343869,58
1582992575.457604,58
1582992575.569096,58
1582992575.680777,58
1582992575.792371,58
1582992575.902803,58
1582992576.014032,59
1582992576.124509,59
1582992576.236662,59
1582992576.347859,59
1582992576.459047,59
1582992576.571072,59
1582992576.681347,59
1582992576.792292,59
1582992576.902952,59
1582992577.012972,58
1582992577.123311,59
1582992577.233383,59
1582992577.344239,59
1582992577.456323,60
1582992577.568415,60
1582992577.679817,61
1582992577.791866,61
1582992577.904312,60
1582992578.015513,60
1582992578.127626,59
1582992578.238832,60
1582992578.350230,66
1582992578.462366,66
1582992578.575241,66
1582992578.687306,67
1582992578.800109,67
1582992578.912176,66
1582992579.021522,66
1582992579.132168,66
1582992579.247893,61
1582992579.358414,60
1582992579.471167,61
1582992579.581208,62
1582992579.694173,61
1582992579.807072,62
1582992579.919843,62
1582992580.031913,62
1582992580.142348,60
1582992580.254895,60
1582992580.366058,60
1582992580.478563,60
1582992580.590548,59
1582992580.702685,60
1582992580.814683,60
1582992580.925445,61
1582992581.037526,61
1582992581.149273,61
1582992581.259513,62
1582992581.371903,60
1582992581.484340,60
1582992581.595569,60
1582992581.707045,60
1582992581.819124,60
1582992581.930998,61
1582992582.042176,61
1582992582.154503,61
1582992582.265868,62
1582992582.378047,61
1582992582.490411,61
1582992582.601703,61
1582992582.714220,61
1582992582.824183,61
1582992582.936730,61
1582992583.048613,62
1582992583.159500,69
1582992583.270642,69
1582992583.381988,69
1582992583.494990,68
1582992583.607503,68
1582992583.719379,68
1582992583.829335,68
1582992583.939993,68
1582992584.052851,66
1582992584.163363,63
1582992584.273966,63
1582992584.385569,63
1582992584.498489,63
1582992584.611263,63
1582992584.724602,63
1582992584.834986,63
1582992584.946171,63
1582992585.059416,61
1582992585.171137,61
1582992585.284341,61
1582992585.397455,62
1582992585.510510,62
1582992585.622566,62
1582992585.734129,62
1582992585.846083,61
1582992585.959060,61
1582992586.071591,60
1582992586.182847,61
1582992586.293962,61
1582992586.404553,61
1582992586.515344,62
1582992586.628016,61
1582992586.741018,62
1582992586.851678,63
1582992586.963560,61
1582992587.076504,63
1582992587.187508,63
1582992587.299923,63
1582992587.410273,63
1582992587.523153,63
1582992587.634582,64
1582992587.745937,64
1582992587.857321,64
1582992587.968497,65
1582992588.079494,70
1582992588.190633,70
1582992588.302584,70
1582992588.413664,69
1582992588.524910,69
1582992588.636160,69
1582992588.746559,69
1582992588.856926,69
1582992588.967302,67
1582992589.079862,64
1582992589.190190,64
1582992589.303405,64
1582992589.415956,64
1582992589.527018,64
1582992589.637960,64
1582992589.750909,64
1582992589.861782,64
1582992589.973370,63
1582992590.084991,62
1582992590.197893,62
1582992590.310877,62
1582992590.423089,63
1582992590.535402,64
1582992590.647179,64
1582992590.758935,63
1582992590.868856,64
1582992590.981270,64
1582992591.091108,64
1582992591.203945,63
1582992591.317964,63
1582992591.427777,63
1582992591.538895,63
1582992591.649446,63
1582992591.760362,63
1582992591.872137,64
1582992591.984155,64
1582992592.095776,65
1582992592.207633,65
1582992592.318267,65
1582992592.430021,65
1582992592.542256,65
1582992592.654836,64
1582992592.766704,65
1582992592.879669,65
1582992592.991716,63
1582992593.103252,70
1582992593.213662,70
1582992593.326779,70
1582992593.439039,70
1582992593.551229,71
1582992593.661323,70
1582992593.772722,71
1582992593.884884,71
1582992593.997466,64
1582992594.109419,65
1582992594.224540,65
1582992594.335677,66
1582992594.448217,66
1582992594.559033,66
1582992594.670284,66
1582992594.781590,66
1582992594.892079,67
1582992595.003793,65
1582992595.115389,66
1582992595.225479,65
1582992595.337385,65
1582992595.448747,65
1582992595.561452,65
1582992595.673704,65
1582992595.784565,65
1582992595.897716,65
1582992596.009425,66
1582992596.123052,64
1582992596.233681,65
1582992596.343585,65
1582992596.456314,65
1582992596.568033,65
1582992596.680267,65
1582992596.791120,65
1582992596.901956,65
1582992597.014882,65
1582992597.126906,67
1582992597.239571,66
1582992597.350950,66
1582992597.463189,66
1582992597.574171,66
1582992597.685714,66
1582992597.797916,66
1582992597.910691,66
1582992598.021578,72
1582992598.132181,73
1582992598.244835,73
1582992598.357072,73
1582992598.468235,73
1582992598.581631,73
1582992598.697412,73
1582992598.810420,73
1582992598.921679,71
1582992599.034741,68
1582992599.147872,68
1582992599.258176,68
1582992599.369479,68
1582992599.481858,68
1582992599.592206,68
1582992599.705235,68
1582992599.816615,68
1582992599.929108,68
1582992600.039497,66
1582992600.150881,67
1582992600.262006,67
1582992600.375832,66
1582992600.488084,66
1582992600.599527,66
1582992600.711537,66
1582992600.823011,66
1582992600.933391,66
1582992601.045267,66
1582992601.157421,67
1582992601.267483,67
1582992601.381531,66
1582992601.494468,66
1582992601.607087,66
1582992601.717694,66
1582992601.828238,66
1582992601.939819,66
1582992602.050431,67
1582992602.160683,68
1582992602.272181,69
1582992602.382586,69
1582992602.493525,69
1582992602.603591,68
1582992602.716430,68
1582992602.828898,68
1582992602.943417,68
1582992603.055551,74
1582992603.167298,74
1582992603.279734,75
1582992603.392783,75
1582992603.505137,75
1582992603.617966,74
1582992603.729073,76
1582992603.839778,74
1582992603.951563,72
1582992604.062794,69
1582992604.176372,69
1582992604.289850,70
1582992604.402043,69
1582992604.512606,69
1582992604.623264,69
1582992604.733973,69
1582992604.846505,69
1582992604.958214,69
1582992605.071012,68
1582992605.182338,67
1582992605.294761,68
1582992605.406359,68
1582992605.518794,68
1582992605.629467,68
1582992605.743531,67
1582992605.855140,67
1582992605.967385,67
1582992606.078082,69
1582992606.190861,68
1582992606.302352,68
1582992606.412995,69
1582992606.524162,69
1582992606.634682,69
1582992606.745898,68
1582992606.857500,68
1582992606.968552,68
1582992607.080816,69
1582992607.192049,69
1582992607.303202,69
1582992607.414353,69
1582992607.525628,70
1582992607.636619,71
1582992607.748427,71
1582992607.860068,70
1582992607.973004,70
1582992608.084093,72
1582992608.195621,72
1582992608.309429,72
1582992608.422203,72
1582992608.533078,72
1582992608.646243,73
1582992608.756828,74
1582992608.866738,73
1582992608.979396,73
1582992609.089831,70
1582992609.201161,69
1582992609.312215,69
1582992609.423284,69
1582992609.534899,69
1582992609.645970,69
1582992609.757802,70
1582992609.868794,70
1582992609.981084,70
1582992610.093148,71
1582992610.203555,72
1582992610.314160,72
1582992610.425229,72
1582992610.536658,71
1582992610.647692,71
1582992610.759041,71
1582992610.869403,71
1582992610.980978,71
1582992611.092417,71
1582992611.203487,71
1582992611.314782,72
1582992611.425479,72
1582992611.536091,72
1582992611.646840,72
1582992611.757660,72
1582992611.869526,72
1582992611.981476,72
1582992612.092467,71
1582992612.202984,70
1582992612.318961,71
1582992612.430621,71
1582992612.541950,71
1582992612.651860,71
1582992612.763148,71
1582992612.877539,71
1582992612.988013,72
1582992613.099442,70
1582992613.211309,69
1582992613.324241,69
1582992613.436497,69
1582992613.549042,70
1582992613.661350,70
1582992613.772924,70
1582992613.883787,70
1582992613.994005,70
1582992614.105690,70
1582992614.215996,69
1582992614.328140,70
1582992614.438849,70
1582992614.550404,70
1582992614.661705,70
1582992614.772866,70
1582992614.884384,71
1582992614.994558,71
1582992615.105761,71
1582992615.217950,72
1582992615.330269,72
1582992615.442528,72
1582992615.553184,71
1582992615.664573,72
1582992615.775914,72
1582992615.887044,71
1582992615.997874,71
1582992616.109568,71
1582992616.221826,78
1582992616.333879,79
1582992616.446973,79
1582992616.558933,79
1582992616.672381,79
1582992616.784398,79
1582992616.896432,79
1582992617.008026,79
1582992617.120455,79
1582992617.230933,72
1582992617.341540,72
1582992617.457325,72
1582992617.569309,72
1582992617.679818,72
1582992617.791990,73
1582992617.902302,73
1582992618.014237,74
1582992618.126072,72
1582992618.237542,72
1582992618.349770,71
1582992618.461753,72
1582992618.573712,72
1582992618.685644,71
1582992618.796834,72
1582992618.908670,72
1582992619.020402,72
1582992619.132448,72
1582992619.243889,72
1582992619.357408,72
1582992619.468789,72
1582992619.580826,72
1582992619.693328,72
1582992619.808020,72
1582992619.917454,72
1582992620.028531,71
1582992620.140246,72
1582992620.254179,72
1582992620.366418,73
1582992620.481585,73
1582992620.593194,73
1582992620.707696,74
1582992620.820199,73
1582992620.932451,73
1582992621.044044,73
1582992621.155410,73
1582992621.266996,75
1582992621.377925,76
1582992621.490358,75
1582992621.602228,77
1582992621.713455,76
1582992621.823977,77
1582992621.935018,76
1582992622.045395,76
1582992622.158658,76
1582992622.271945,76
1582992622.382389,74
1582992622.493538,73
1582992622.604867,73
1582992622.716235,74
1582992622.827537,75
1582992622.940677,74
1582992623.052710,74
1582992623.165420,74
1582992623.276506,75
1582992623.387882,74
1582992623.499350,75
1582992623.611177,75
1582992623.723764,75
1582992623.834626,76
1582992623.945142,76
1582992624.055395,77
1582992624.168526,77
1582992624.279154,76
1582992624.390813,75
1582992624.502301,75
1582992624.613893,75
1582992624.724578,75
1582992624.835780,75
1582992624.947178,76
1582992625.059100,76
1582992625.169941,76
1582992625.283523,76
1582992625.394828,76
1582992625.506930,75
1582992625.617910,74
1582992625.730093,74
1582992625.844690,74
1582992625.955926,74
1582992626.068066,75
1582992626.178684,75
1582992626.290928,74
1582992626.402453,75
1582992626.513782,74
1582992626.626460,73
1582992626.737131,73
1582992626.849065,73
1582992626.961782,74
1582992627.073543,75
1582992627.184282,75
1582992627.296510,74
1582992627.408115,74
1582992627.520602,74
1582992627.632881,74
1582992627.744270,74
1582992627.857273,74
1582992627.969966,74
1582992628.082666,75
1582992628.193606,75
1582992628.305293,75
1582992628.416896,74
1582992628.528137,76
1582992628.639028,75
1582992628.751664,75
1582992628.862079,75
1582992628.972058,75
1582992629.085229,75
1582992629.199352,76
1582992629.311068,76
1582992629.422911,76
1582992629.534608,77
1582992629.646073,75
1582992629.757079,82
1582992629.870907,82
1582992629.981829,82
1582992630.095045,82
1582992630.206543,83
1582992630.318444,84
1582992630.428842,83
1582992630.541238,83
1582992630.651590,81
1582992630.764491,78
1582992630.875701,76
1582992630.991054,77
1582992631.103480,78
1582992631.218183,77
1582992631.329820,76
1582992631.441229,77
1582992631.553155,77
1582992631.664614,77
1582992631.775396,77
1582992631.886784,75
1582992631.996712,75
1582992632.107800,76
1582992632.219369,76
1582992632.330296,76
1582992632.441318,75
1582992632.552370,76
1582992632.663544,76
1582992632.773072,76
1582992632.885595,75
1582992632.997502,75
1582992633.108753,75
1582992633.220024,75
1582992633.333099,76
1582992633.445490,76
1582992633.557719,75
1582992633.670194,76
1582992633.780965,76
1582992633.892242,76
1582992634.004882,76
1582992634.116994,76
1582992634.227759,76
1582992634.339303,77
1582992634.452699,77
1582992634.563526,77
1582992634.674388,77
1582992634.786599,77
1582992634.899153,76
1582992635.011715,83
1582992635.124481,83
1582992635.234716,83
1582992635.346337,82
1582992635.459028,84
1582992635.571160,84
1582992635.683970,83
1582992635.796186,85
1582992635.909174,85
1582992636.019478,82
1582992636.129525,78
1582992636.240133,78
1582992636.350715,78
1582992636.461883,77
1582992636.571481,77
1582992636.684756,77
1582992636.797476,78
1582992636.909287,78
1582992637.021209,78
1582992637.131374,78
1582992637.242381,77
1582992637.355197,76
1582992637.466759,76
1582992637.578269,76
1582992637.688709,76
1582992637.801351,76
1582992637.911921,77
1582992638.025531,77
1582992638.138594,77
1582992638.252417,77
1582992638.365760,76
1582992638.478734,76
1582992638.590249,76
1582992638.705247,76
1582992638.816770,76
1582992638.928805,77
1582992639.041493,77
1582992639.154467,78
1582992639.265356,78
1582992639.376707,78
1582992639.488595,78
1582992639.599186,78
1582992639.712034,77
1582992639.824652,77
1582992639.936192,77
1582992640.049190,77
1582992640.160741,79
1582992640.271818,85
1582992640.383539,86
1582992640.494605,86
1582992640.606744,86
1582992640.718942,86
1582992640.830831,86
1582992640.943009,85
1582992641.055430,85
1582992641.167420,85
1582992641.279156,84
1582992641.390929,79
1582992641.501903,79
1582992641.614415,79
1582992641.724107,80
1582992641.834789,79
1582992641.946797,79
1582992642.061337,79
1582992642.173796,79
1582992642.284573,79
1582992642.395243,79
1582992642.508315,78
1582992642.619241,78
1582992642.732791,79
1582992642.845783,79
1582992642.958114,78
1582992643.070399,78
1582992643.182302,78
1582992643.292689,78
1582992643.403579,77
1582992643.514819,77
1582992643.626686,78
1582992643.738627,78
1582992643.849867,78
1582992643.960739,78
1582992644.072097,78
1582992644.185460,78
1582992644.295409,78
1582992644.409379,79
1582992644.522122,78
1582992644.634077,79
1582992644.744522,79
1582992644.856325,79
1582992644.966700,80
1582992645.079124,80
1582992645.189630,80
1582992645.301812,80
1582992645.413376,81
1582992645.525232,80
1582992645.637132,86
1582992645.747984,87
1582992645.860913,87
1582992645.973449,87
1582992646.083894,87
1582992646.196557,87
1582992646.308288,87
1582992646.420532,87
1582992646.533287,86
1582992646.644295,86
1582992646.756001,80
1582992646.866434,80
1582992646.980062,81
1582992647.092688,81
1582992647.203498,81
1582992647.315256,81
1582992647.426162,80
1582992647.536964,80
1582992647.649131,80
1582992647.759759,80
1582992647.872509,79
1582992647.984285,79
1582992648.096018,79
1582992648.210638,79
1582992648.322683,79
1582992648.434889,79
1582992648.547099,79
1582992648.660626,79
1582992648.770881,79
1582992648.881431,80
1582992648.993916,80
1582992649.106294,79
1582992649.218127,79
1582992649.329976,79
1582992649.443263,79
1582992649.554881,80
1582992649.667703,80
1582992649.779662,81
1582992649.891549,81
1582992650.005067,81
1582992650.117507,81
1582992650.228802,81
1582992650.340937,81
1582992650.451943,81
1582992650.562954,81
1582992650.674355,81
1582992650.786507,83
1582992650.898277,83
1582992651.010054,85
1582992651.120657,85
1582992651.232517,85
1582992651.343478,84
1582992651.454406,84
1582992651.566039,84
1582992651.677898,84
1582992651.788677,84
1582992651.899938,84
1582992652.011490,82
1582992652.123041,81
1582992652.233936,82
1582992652.345238,81
1582992652.456840,80
1582992652.567840,81
1582992652.678548,81
1582992652.790614,81
1582992652.903658,81
1582992653.016179,81
1582992653.128581,81
1582992653.241453,82
1582992653.351878,83
1582992653.463385,82
1582992653.575793,82
1582992653.687683,82
1582992653.798287,82
1582992653.909040,82
1582992654.021132,82
1582992654.133352,82
1582992654.245739,83
1582992654.356449,84
1582992654.468989,84
1582992654.579626,85
1582992654.690179,84
1582992654.801330,84
1582992654.913615,83
1582992655.025727,83
1582992655.136425,83
1582992655.247911,83
1582992655.358678,83
1582992655.471225,84
1582992655.580394,84
1582992655.691324,83
1582992655.801253,83
1582992655.913684,82
1582992656.025091,82
1582992656.136424,82
1582992656.249304,82
1582992656.360097,82
1582992656.471862,82
1582992656.584209,83
1582992656.694765,83
1582992656.807171,82
1582992656.919937,81
1582992657.032709,81
1582992657.143648,81
1582992657.256951,81
1582992657.368556,81
1582992657.480806,80
1582992657.592274,82
1582992657.703462,82
1582992657.814321,82
1582992657.926339,82
1582992658.036770,81
1582992658.149980,81
1582992658.261076,82
1582992658.371978,81
1582992658.482661,81
1582992658.592525,81
1582992658.703632,82
1582992658.817697,83
1582992658.929533,83
1582992659.042400,83
1582992659.155029,83
1582992659.266595,83
1582992659.378374,83
1582992659.491622,83
1582992659.602011,83
1582992659.715176,85
1582992659.827366,84
1582992659.939463,91
1582992660.051907,90
1582992660.161695,89
1582992660.274893,90
1582992660.386699,90
1582992660.500085,90
1582992660.613049,90
1582992660.724850,90
1582992660.837929,90
1582992660.949254,90
1582992661.061512,86
1582992661.172253,84
1582992661.286804,84
1582992661.397388,84
1582992661.509839,84
1582992661.620970,84
1582992661.731588,84
1582992661.843059,83
1582992661.952893,84
1582992662.063170,84
1582992662.173926,84
1582992662.284352,83
1582992662.396985,83
1582992662.507981,83
1582992662.620402,82
1582992662.731662,82
1582992662.843426,82
1582992662.955407,82
1582992663.067689,83
1582992663.180032,83
1582992663.292498,83
1582992663.403098,83
1582992663.513636,84
1582992663.626268,83
1582992663.737654,82
1582992663.849341,83
1582992663.961077,83
1582992664.075006,83
1582992664.184897,85
1582992664.297149,85
1582992664.408337,85
1582992664.521279,85
1582992664.632685,85
1582992664.745359,84
1582992664.857516,84
1582992664.968146,84
1582992665.080780,84
1582992665.192790,87
1582992665.305264,87
1582992665.418778,88
1582992665.528929,87
1582992665.641443,88
1582992665.753154,88
1582992665.866261,87
1582992665.979288,87
1582992666.090304,87
1582992666.201892,87
1582992666.315001,86
1582992666.425874,85
1582992666.538014,84
1582992666.649049,85
1582992666.759912,86
1582992666.870643,85
1582992666.981603,85
1582992667.092508,84
1582992667.203883,84
1582992667.314839,84
1582992667.426755,85
1582992667.537179,84
1582992667.650318,85
1582992667.760637,85
1582992667.873162,86
1582992667.985522,86
1582992668.098311,86
1582992668.208779,85
1582992668.319985,86
1582992668.430437,86
1582992668.541445,85
1582992668.653830,85
1582992668.765326,86
1582992668.875972,86
1582992668.987611,88
1582992669.100290,87
1582992669.211414,87
1582992669.321743,87
1582992669.433824,87
1582992669.544582,87
1582992669.655024,87
1582992669.766707,87
1582992669.878267,87
1582992669.990883,87
1582992670.101892,87
1582992670.214817,84
1582992670.325554,85
1582992670.438994,87
1582992670.551734,86
1582992670.662479,86
1582992670.773249,86
1582992670.883379,86
1582992670.996196,86
1582992671.107074,86
1582992671.218786,87
1582992671.331265,86
1582992671.444022,84
1582992671.555176,84
1582992671.667226,84
1582992671.779324,84
1582992671.891359,85
1582992672.004325,85
1582992672.116887,85
1582992672.228087,85
1582992672.339038,85
1582992672.451926,85
1582992672.563495,85
1582992672.675284,85
1582992672.786777,84
1582992672.896966,84
1582992673.006437,84
1582992673.118943,84
1582992673.238092,85
1582992673.347980,86
1582992673.460503,86
1582992673.571329,86
1582992673.683340,87
1582992673.795239,87
1582992673.906559,87
1582992674.018350,86
1582992674.131253,86
1582992674.242478,86
1582992674.353724,87
1582992674.464995,87
1582992674.576589,94
1582992674.687386,94
1582992674.798265,94
1582992674.908561,94
1582992675.020418,94
1582992675.131125,94
1582992675.242613,94
1582992675.353145,94
1582992675.465015,94
1582992675.578565,93
1582992675.689295,92
1582992675.800059,86
1582992675.911030,87
1582992676.022570,87
1582992676.134261,87
1582992676.247599,88
1582992676.359953,87
1582992676.470167,88
1582992676.581526,87
1582992676.694247,87
1582992676.806660,87
1582992676.918573,87
1582992677.030485,86
1582992677.144117,85
1582992677.257750,86
1582992677.370166,86
1582992677.481813,86
1582992677.593051,86
1582992677.705582,85
1582992677.816538,78
1582992677.928398,71
1582992678.039764,64
1582992678.152826,57
1582992678.266470,50
1582992678.378434,43
1582992678.490324,36
1582992678.600927,29
1582992678.711787,23
